   0.0000000000000000        40.641804125926491        3.7804523760075925        5.5656290442566627     
   31.415926535897931        1.1306921232929452        1.1196151777239505        1.1253674647922030     
   62.831853071795862        8.9501201588604931E-002   8.9047271699628380E-002   8.9500449082074066E-002
   94.247779607693786        0.0000000000000000        0.0000000000000000        0.0000000000000000     
   125.66370614359172        1.6723776928171956        1.4720912707896969        1.4816557261464025     
   157.07963267948966        9.4356836345313346E-004   9.3879077142059537E-004   9.4356836345313346E-004
   188.49555921538760       0.15320595273336970       0.14800177782993307       0.14880059743126389     
   219.91148575128554        0.0000000000000000        0.0000000000000000        0.0000000000000000     
   251.32741228718348        0.0000000000000000        0.0000000000000000        0.0000000000000000     
   282.74333882308139        0.0000000000000000        0.0000000000000000        0.0000000000000000     
   314.15926535897933        0.0000000000000000        0.0000000000000000        0.0000000000000000     
   345.57519189487726        0.0000000000000000        0.0000000000000000        0.0000000000000000     
   376.99111843077520        0.0000000000000000        0.0000000000000000        0.0000000000000000     
   408.40704496667314        0.0000000000000000        0.0000000000000000        0.0000000000000000     
   439.82297150257108        0.0000000000000000        0.0000000000000000        0.0000000000000000     
   471.23889803846902        2.8377924038952129E-003   2.8234237424351891E-003   2.8377924038952129E-003
   502.65482457436696       0.61938394404401731       0.61608532246578462       0.61922228675796631     
   534.07075111026484        1.9549553305789276        1.9450567589723506        1.9549553305789276     
   565.48667764616278        0.0000000000000000        0.0000000000000000        0.0000000000000000     
   596.90260418206071       0.24658464568710459       0.24533610781299706       0.24658464568710459     
   628.31853071795865       0.28549872016756239       0.28405314773889323       0.28549872016756239     
   659.73445725385659        2.6085294774298506E-002   2.5953216483729280E-002   2.6085294774298506E-002
   691.15038378975453        0.0000000000000000        0.0000000000000000        0.0000000000000000     
   722.56631032565247        0.0000000000000000        0.0000000000000000        0.0000000000000000     
   753.98223686155040        0.0000000000000000        0.0000000000000000        0.0000000000000000     
   785.39816339744834        4.8938398960921090E-003   4.8690608006903514E-003   4.8938398960921090E-003
   816.81408993334628        0.0000000000000000        0.0000000000000000        0.0000000000000000     
   848.23001646924422        0.0000000000000000        0.0000000000000000        0.0000000000000000     
   879.64594300514216        0.0000000000000000        0.0000000000000000        0.0000000000000000     
   911.06186954104010        0.0000000000000000        0.0000000000000000        0.0000000000000000     
   942.47779607693803        0.0000000000000000        0.0000000000000000        0.0000000000000000     
   973.89372261283597        0.0000000000000000        0.0000000000000000        0.0000000000000000     
   1005.3096491487339        0.0000000000000000        0.0000000000000000        0.0000000000000000     
   1036.7255756846318        0.0000000000000000        0.0000000000000000        0.0000000000000000     
   1068.1415022205297        0.0000000000000000        0.0000000000000000        0.0000000000000000     
   1099.5574287564275        0.0000000000000000        0.0000000000000000        0.0000000000000000     
   1130.9733552923253        0.0000000000000000        0.0000000000000000        0.0000000000000000     
   1162.3892818282231        0.0000000000000000        0.0000000000000000        0.0000000000000000     
   1193.8052083641210        2.8383243992002839E-004   2.8239530440758384E-004   2.8383243992002839E-004
   1225.2211349000188        2.8312565223897225E-003   2.8169209542132545E-003   2.8312565223897225E-003
   1256.6370614359166        0.0000000000000000        0.0000000000000000        0.0000000000000000     
   1288.0529879718144        0.0000000000000000        0.0000000000000000        0.0000000000000000     
   1319.4689145077123        0.0000000000000000        0.0000000000000000        0.0000000000000000     
   1350.8848410436101        6.8807813684439617E-005   6.8459417452467535E-005   6.8807813684439604E-005
   1382.3007675795079        0.0000000000000000        0.0000000000000000        0.0000000000000000     
   1413.7166941154057        0.0000000000000000        0.0000000000000000        0.0000000000000000     
   1445.1326206513036        0.0000000000000000        0.0000000000000000        0.0000000000000000     
   1476.5485471872014        0.0000000000000000        0.0000000000000000        0.0000000000000000     
   1507.9644737230992        0.0000000000000000        0.0000000000000000        0.0000000000000000     
   1539.3804002589970        0.0000000000000000        0.0000000000000000        0.0000000000000000     
   1570.7963267948949        0.0000000000000000        0.0000000000000000        0.0000000000000000     
   1602.2122533307927        0.0000000000000000        0.0000000000000000        0.0000000000000000     
   1633.6281798666905        0.0000000000000000        0.0000000000000000        0.0000000000000000     
   1665.0441064025883        0.0000000000000000        0.0000000000000000        0.0000000000000000     
   1696.4600329384862        0.0000000000000000        0.0000000000000000        0.0000000000000000     
   1727.8759594743840        0.0000000000000000        0.0000000000000000        0.0000000000000000     
   1759.2918860102818        0.0000000000000000        0.0000000000000000        0.0000000000000000     
   1790.7078125461796        4.3120334373136504E-002   4.2902002163282049E-002   4.3120334373136497E-002
   1822.1237390820775        0.0000000000000000        0.0000000000000000        0.0000000000000000     
   1853.5396656179753        0.0000000000000000        0.0000000000000000        0.0000000000000000     
   1884.9555921538731        0.0000000000000000        0.0000000000000000        0.0000000000000000     
   1916.3715186897709        0.0000000000000000        0.0000000000000000        0.0000000000000000     
   1947.7874452256688        3.4308821663486637E-005   3.4135104994537096E-005   3.4308821663486630E-005
   1979.2033717615666        0.0000000000000000        0.0000000000000000        0.0000000000000000     
   2010.6192982974644        0.0000000000000000        0.0000000000000000        0.0000000000000000     
   2042.0352248333622        0.0000000000000000        0.0000000000000000        0.0000000000000000     
   2073.4511513692601        0.0000000000000000        0.0000000000000000        0.0000000000000000     
   2104.8670779051581        0.0000000000000000        0.0000000000000000        0.0000000000000000     
   2136.2830044410562        0.0000000000000000        0.0000000000000000        0.0000000000000000     
   2167.6989309769542        0.0000000000000000        0.0000000000000000        0.0000000000000000     
   2199.1148575128523        0.0000000000000000        0.0000000000000000        0.0000000000000000     
   2230.5307840487503        0.0000000000000000        0.0000000000000000        0.0000000000000000     
   2261.9467105846484        0.0000000000000000        0.0000000000000000        0.0000000000000000     
   2293.3626371205464        0.0000000000000000        0.0000000000000000        0.0000000000000000     
   2324.7785636564445        0.0000000000000000        0.0000000000000000        0.0000000000000000     
   2356.1944901923425        0.0000000000000000        0.0000000000000000        0.0000000000000000     
   2387.6104167282406        0.0000000000000000        0.0000000000000000        0.0000000000000000     
   2419.0263432641386        0.0000000000000000        0.0000000000000000        0.0000000000000000     
   2450.4422698000367        0.0000000000000000        0.0000000000000000        0.0000000000000000     
   2481.8581963359347        0.0000000000000000        0.0000000000000000        0.0000000000000000     
   2513.2741228718328        0.0000000000000000        0.0000000000000000        0.0000000000000000     
   2544.6900494077308        0.0000000000000000        0.0000000000000000        0.0000000000000000     
   2576.1059759436289        0.0000000000000000        0.0000000000000000        0.0000000000000000     
   2607.5219024795269        6.3106420438494614E-003   6.2786892205918474E-003   6.3106420438494614E-003
   2638.9378290154250        0.0000000000000000        0.0000000000000000        0.0000000000000000     
   2670.3537555513230        0.0000000000000000        0.0000000000000000        0.0000000000000000     
   2701.7696820872211        0.0000000000000000        0.0000000000000000        0.0000000000000000     
   2733.1856086231192        0.0000000000000000        0.0000000000000000        0.0000000000000000     
   2764.6015351590172        0.0000000000000000        0.0000000000000000        0.0000000000000000     
   2796.0174616949153        0.0000000000000000        0.0000000000000000        0.0000000000000000     
   2827.4333882308133        0.0000000000000000        0.0000000000000000        0.0000000000000000     
   2858.8493147667114        0.0000000000000000        0.0000000000000000        0.0000000000000000     
   2890.2652413026094        0.0000000000000000        0.0000000000000000        0.0000000000000000     
   2921.6811678385075        0.0000000000000000        0.0000000000000000        0.0000000000000000     
   2953.0970943744055        0.0000000000000000        0.0000000000000000        0.0000000000000000     
   2984.5130209103036        0.0000000000000000        0.0000000000000000        0.0000000000000000     
   3015.9289474462016        0.0000000000000000        0.0000000000000000        0.0000000000000000     
   3047.3448739820997        0.0000000000000000        0.0000000000000000        0.0000000000000000     
   3078.7608005179977        0.0000000000000000        0.0000000000000000        0.0000000000000000     
   3110.1767270538958        0.0000000000000000        0.0000000000000000        0.0000000000000000     
