   0.0000000000000000        704.74854354155332        65.447933396291845        96.438093201964094     
   1.8000000000000000        12.679761442645326        12.370189176212060        12.435657754742047     
   3.6000000000000001        0.0000000000000000        0.0000000000000000        0.0000000000000000     
   5.4000000000000004        0.0000000000000000        0.0000000000000000        0.0000000000000000     
   7.2000000000000002        1.6468374659911713E-002   1.6384989948626874E-002   1.6468374659911713E-002
   9.0000000000000000       0.75259180937211712       0.74878119344700178       0.75259180937211700     
   10.800000000000001        0.0000000000000000        0.0000000000000000        0.0000000000000000     
   12.600000000000001        4.3037139521036103        4.2819228553645834        4.3037139521036103     
   14.400000000000002        4.9538106005734862E-003   4.9287278540839936E-003   4.9538106005734862E-003
   16.200000000000003        0.0000000000000000        0.0000000000000000        0.0000000000000000     
   18.000000000000004        34.120407248016470        33.947644582237274        34.120407248016470     
   19.800000000000004        0.0000000000000000        0.0000000000000000        0.0000000000000000     
   21.600000000000005        0.0000000000000000        0.0000000000000000        0.0000000000000000     
   23.400000000000006        10.807467337267596        10.752745632044793        10.807467337267596     
   25.200000000000006        0.0000000000000000        0.0000000000000000        0.0000000000000000     
   27.000000000000007        0.0000000000000000        0.0000000000000000        0.0000000000000000     
   28.800000000000008        0.0000000000000000        0.0000000000000000        0.0000000000000000     
   30.600000000000009        0.0000000000000000        0.0000000000000000        0.0000000000000000     
   32.400000000000006        0.0000000000000000        0.0000000000000000        0.0000000000000000     
   34.200000000000003        0.0000000000000000        0.0000000000000000        0.0000000000000000     
   36.000000000000000        0.0000000000000000        0.0000000000000000        0.0000000000000000     
   37.799999999999997        25.668851498641974        25.538881795169186        25.668851498641974     
   39.599999999999994        0.0000000000000000        0.0000000000000000        0.0000000000000000     
   41.399999999999991        5.9880190050739981E-004   5.9576997266863336E-004   5.9880190050739970E-004
   43.199999999999989        0.0000000000000000        0.0000000000000000        0.0000000000000000     
   44.999999999999986        0.0000000000000000        0.0000000000000000        0.0000000000000000     
   46.799999999999983        0.0000000000000000        0.0000000000000000        0.0000000000000000     
   48.599999999999980        0.0000000000000000        0.0000000000000000        0.0000000000000000     
   50.399999999999977        4.9528820936056220E-002   4.9278040484474393E-002   4.9528820936056220E-002
   52.199999999999974        0.0000000000000000        0.0000000000000000        0.0000000000000000     
   53.999999999999972        0.0000000000000000        0.0000000000000000        0.0000000000000000     
   55.799999999999969        0.0000000000000000        0.0000000000000000        0.0000000000000000     
   57.599999999999966        0.0000000000000000        0.0000000000000000        0.0000000000000000     
   59.399999999999963        0.0000000000000000        0.0000000000000000        0.0000000000000000     
   61.199999999999960        0.0000000000000000        0.0000000000000000        0.0000000000000000     
   62.999999999999957        0.0000000000000000        0.0000000000000000        0.0000000000000000     
   64.799999999999955        0.0000000000000000        0.0000000000000000        0.0000000000000000     
   66.599999999999952        0.0000000000000000        0.0000000000000000        0.0000000000000000     
   68.399999999999949        0.0000000000000000        0.0000000000000000        0.0000000000000000     
   70.199999999999946        0.0000000000000000        0.0000000000000000        0.0000000000000000     
   71.999999999999943        0.0000000000000000        0.0000000000000000        0.0000000000000000     
   73.799999999999940        0.0000000000000000        0.0000000000000000        0.0000000000000000     
   75.599999999999937        19.641146652667413        19.541697169840031        19.641146652667413     
   77.399999999999935        0.0000000000000000        0.0000000000000000        0.0000000000000000     
   79.199999999999932        0.0000000000000000        0.0000000000000000        0.0000000000000000     
   80.999999999999929        0.0000000000000000        0.0000000000000000        0.0000000000000000     
   82.799999999999926        0.0000000000000000        0.0000000000000000        0.0000000000000000     
   84.599999999999923       0.45527428016478005       0.45296907912394130       0.45527428016478005     
   86.399999999999920        0.0000000000000000        0.0000000000000000        0.0000000000000000     
   88.199999999999918        0.0000000000000000        0.0000000000000000        0.0000000000000000     
   89.999999999999915        0.0000000000000000        0.0000000000000000        0.0000000000000000     
   91.799999999999912        0.0000000000000000        0.0000000000000000        0.0000000000000000     
   93.599999999999909        0.0000000000000000        0.0000000000000000        0.0000000000000000     
   95.399999999999906        2.8218202888302840E-003   2.8075324993585898E-003   2.8218202888302840E-003
   97.199999999999903        0.0000000000000000        0.0000000000000000        0.0000000000000000     
   98.999999999999901        0.0000000000000000        0.0000000000000000        0.0000000000000000     
   100.79999999999990        0.0000000000000000        0.0000000000000000        0.0000000000000000     
   102.59999999999989        0.0000000000000000        0.0000000000000000        0.0000000000000000     
   104.39999999999989        0.0000000000000000        0.0000000000000000        0.0000000000000000     
   106.19999999999989        0.0000000000000000        0.0000000000000000        0.0000000000000000     
   107.99999999999989        0.0000000000000000        0.0000000000000000        0.0000000000000000     
   109.79999999999988        0.0000000000000000        0.0000000000000000        0.0000000000000000     
   111.59999999999988        0.0000000000000000        0.0000000000000000        0.0000000000000000     
   113.39999999999988        0.0000000000000000        0.0000000000000000        0.0000000000000000     
   115.19999999999987        0.0000000000000000        0.0000000000000000        0.0000000000000000     
   116.99999999999987        0.0000000000000000        0.0000000000000000        0.0000000000000000     
   118.79999999999987        0.0000000000000000        0.0000000000000000        0.0000000000000000     
   120.59999999999987        0.0000000000000000        0.0000000000000000        0.0000000000000000     
   122.39999999999986        0.0000000000000000        0.0000000000000000        0.0000000000000000     
   124.19999999999986        0.0000000000000000        0.0000000000000000        0.0000000000000000     
   125.99999999999986        0.0000000000000000        0.0000000000000000        0.0000000000000000     
   127.79999999999986        0.0000000000000000        0.0000000000000000        0.0000000000000000     
   129.59999999999985        0.0000000000000000        0.0000000000000000        0.0000000000000000     
   131.39999999999986        4.9828926771539006        4.9576626786975728        4.9828926771539006     
   133.19999999999987        0.0000000000000000        0.0000000000000000        0.0000000000000000     
   134.99999999999989        0.0000000000000000        0.0000000000000000        0.0000000000000000     
   136.79999999999990        0.0000000000000000        0.0000000000000000        0.0000000000000000     
   138.59999999999991        0.0000000000000000        0.0000000000000000        0.0000000000000000     
   140.39999999999992        0.0000000000000000        0.0000000000000000        0.0000000000000000     
   142.19999999999993        0.0000000000000000        0.0000000000000000        0.0000000000000000     
   143.99999999999994        0.0000000000000000        0.0000000000000000        0.0000000000000000     
   145.79999999999995        0.0000000000000000        0.0000000000000000        0.0000000000000000     
   147.59999999999997        0.0000000000000000        0.0000000000000000        0.0000000000000000     
   149.39999999999998        0.0000000000000000        0.0000000000000000        0.0000000000000000     
   151.19999999999999        0.0000000000000000        0.0000000000000000        0.0000000000000000     
   153.00000000000000        0.0000000000000000        0.0000000000000000        0.0000000000000000     
   154.80000000000001        0.0000000000000000        0.0000000000000000        0.0000000000000000     
   156.60000000000002        0.0000000000000000        0.0000000000000000        0.0000000000000000     
   158.40000000000003        0.0000000000000000        0.0000000000000000        0.0000000000000000     
   160.20000000000005        0.0000000000000000        0.0000000000000000        0.0000000000000000     
   162.00000000000006        0.0000000000000000        0.0000000000000000        0.0000000000000000     
   163.80000000000007        0.0000000000000000        0.0000000000000000        0.0000000000000000     
   165.60000000000008        0.0000000000000000        0.0000000000000000        0.0000000000000000     
   167.40000000000009        0.0000000000000000        0.0000000000000000        0.0000000000000000     
   169.20000000000010        0.0000000000000000        0.0000000000000000        0.0000000000000000     
   171.00000000000011        0.0000000000000000        0.0000000000000000        0.0000000000000000     
   172.80000000000013        0.0000000000000000        0.0000000000000000        0.0000000000000000     
   174.60000000000014        0.0000000000000000        0.0000000000000000        0.0000000000000000     
   176.40000000000015        0.0000000000000000        0.0000000000000000        0.0000000000000000     
   178.20000000000016        0.0000000000000000        0.0000000000000000        0.0000000000000000     
