   5.1099892800000001E-004   23700.180630734518        19005.199435215454        19153.885465358875     
   2.4157434040916895E-003   24257.286621647312        24134.464128033338        24257.286621647312     
   4.3204878801833789E-003   0.0000000000000000        0.0000000000000000        0.0000000000000000     
   6.2252323562750683E-003   0.0000000000000000        0.0000000000000000        0.0000000000000000     
   8.1299768323667577E-003   15.562756453645251        15.483957180463644        15.562756453645251     
   1.0034721308458446E-002   32244.079884378785        32080.817671359731        32244.079884378785     
   1.1939465784550136E-002   0.0000000000000000        0.0000000000000000        0.0000000000000000     
   1.3844210260641827E-002   4.6813938525384877        4.6576904402184640        4.6813938525384877     
   1.5748954736733517E-002   0.0000000000000000        0.0000000000000000        0.0000000000000000     
   1.7653699212825207E-002   14280.196982998797        10899.058054657635        10993.148098883314     
   1.9558443688916897E-002   0.0000000000000000        0.0000000000000000        0.0000000000000000     
   2.1463188165008588E-002   0.0000000000000000        0.0000000000000000        0.0000000000000000     
   2.3367932641100278E-002   0.0000000000000000        0.0000000000000000        0.0000000000000000     
   2.5272677117191968E-002   711.20576742630794        707.60470242714246        711.20576742630783     
   2.7177421593283659E-002   88.031075765252851        87.585345935298989        88.031075765252865     
   2.9082166069375349E-002   0.0000000000000000        0.0000000000000000        0.0000000000000000     
   3.0986910545467039E-002   0.0000000000000000        0.0000000000000000        0.0000000000000000     
   3.2891655021558726E-002   0.0000000000000000        0.0000000000000000        0.0000000000000000     
   3.4796399497650413E-002   0.0000000000000000        0.0000000000000000        0.0000000000000000     
   3.6701143973742099E-002   0.0000000000000000        0.0000000000000000        0.0000000000000000     
   3.8605888449833786E-002   0.0000000000000000        0.0000000000000000        0.0000000000000000     
   4.0510632925925473E-002   0.0000000000000000        0.0000000000000000        0.0000000000000000     
   4.2415377402017160E-002   28.532049589738687        28.387582587588412        28.532049589738687     
   4.4320121878108847E-002   0.0000000000000000        0.0000000000000000        0.0000000000000000     
   4.6224866354200533E-002   0.0000000000000000        0.0000000000000000        0.0000000000000000     
   4.8129610830292220E-002   0.0000000000000000        0.0000000000000000        0.0000000000000000     
   5.0034355306383907E-002   0.0000000000000000        0.0000000000000000        0.0000000000000000     
   5.1939099782475594E-002   0.0000000000000000        0.0000000000000000        0.0000000000000000     
   5.3843844258567281E-002   0.0000000000000000        0.0000000000000000        0.0000000000000000     
   5.5748588734658967E-002   106.75129704590886        103.56455177621473        104.11880653229323     
   5.7653333210750654E-002   0.0000000000000000        0.0000000000000000        0.0000000000000000     
   5.9558077686842341E-002  0.56587297374655054       0.56300777572220573       0.56587297374655043     
   6.1462822162934028E-002   0.0000000000000000        0.0000000000000000        0.0000000000000000     
   6.3367566639025721E-002   0.0000000000000000        0.0000000000000000        0.0000000000000000     
   6.5272311115117415E-002   0.0000000000000000        0.0000000000000000        0.0000000000000000     
   6.7177055591209109E-002   0.0000000000000000        0.0000000000000000        0.0000000000000000     
   6.9081800067300803E-002   0.0000000000000000        0.0000000000000000        0.0000000000000000     
   7.0986544543392496E-002   0.0000000000000000        0.0000000000000000        0.0000000000000000     
   7.2891289019484190E-002   0.0000000000000000        0.0000000000000000        0.0000000000000000     
   7.4796033495575884E-002   0.0000000000000000        0.0000000000000000        0.0000000000000000     
   7.6700777971667577E-002   0.0000000000000000        0.0000000000000000        0.0000000000000000     
   7.8605522447759271E-002   0.0000000000000000        0.0000000000000000        0.0000000000000000     
   8.0510266923850965E-002   0.0000000000000000        0.0000000000000000        0.0000000000000000     
   8.2415011399942659E-002   1476.1767620202190        1468.7024012743420        1476.1767620202190     
   8.4319755876034352E-002   0.0000000000000000        0.0000000000000000        0.0000000000000000     
   8.6224500352126046E-002   0.0000000000000000        0.0000000000000000        0.0000000000000000     
   8.8129244828217740E-002   0.0000000000000000        0.0000000000000000        0.0000000000000000     
   9.0033989304309434E-002   0.0000000000000000        0.0000000000000000        0.0000000000000000     
   9.1938733780401127E-002   0.0000000000000000        0.0000000000000000        0.0000000000000000     
   9.3843478256492821E-002   0.0000000000000000        0.0000000000000000        0.0000000000000000     
   9.5748222732584515E-002   0.0000000000000000        0.0000000000000000        0.0000000000000000     
   9.7652967208676208E-002   0.0000000000000000        0.0000000000000000        0.0000000000000000     
   9.9557711684767902E-002   0.0000000000000000        0.0000000000000000        0.0000000000000000     
  0.10146245616085960        0.0000000000000000        0.0000000000000000        0.0000000000000000     
  0.10336720063695129        0.0000000000000000        0.0000000000000000        0.0000000000000000     
  0.10527194511304298        0.0000000000000000        0.0000000000000000        0.0000000000000000     
  0.10717668958913468        0.0000000000000000        0.0000000000000000        0.0000000000000000     
  0.10908143406522637        46.805164054251691        46.568174359038856        46.805164054251691     
  0.11098617854131806        0.0000000000000000        0.0000000000000000        0.0000000000000000     
  0.11289092301740976        0.0000000000000000        0.0000000000000000        0.0000000000000000     
  0.11479566749350145        0.0000000000000000        0.0000000000000000        0.0000000000000000     
  0.11670041196959315        0.0000000000000000        0.0000000000000000        0.0000000000000000     
  0.11860515644568484        0.0000000000000000        0.0000000000000000        0.0000000000000000     
  0.12050990092177653        0.0000000000000000        0.0000000000000000        0.0000000000000000     
  0.12241464539786823        0.0000000000000000        0.0000000000000000        0.0000000000000000     
  0.12431938987395992        0.0000000000000000        0.0000000000000000        0.0000000000000000     
  0.12622413435005161        0.0000000000000000        0.0000000000000000        0.0000000000000000     
  0.12812887882614329        0.0000000000000000        0.0000000000000000        0.0000000000000000     
  0.13003362330223497        0.0000000000000000        0.0000000000000000        0.0000000000000000     
  0.13193836777832665        0.0000000000000000        0.0000000000000000        0.0000000000000000     
  0.13384311225441833        0.0000000000000000        0.0000000000000000        0.0000000000000000     
  0.13574785673051001        0.0000000000000000        0.0000000000000000        0.0000000000000000     
  0.13765260120660169        0.0000000000000000        0.0000000000000000        0.0000000000000000     
  0.13955734568269337        0.0000000000000000        0.0000000000000000        0.0000000000000000     
  0.14146209015878505        0.0000000000000000        0.0000000000000000        0.0000000000000000     
  0.14336683463487673        0.0000000000000000        0.0000000000000000        0.0000000000000000     
  0.14527157911096841        0.0000000000000000        0.0000000000000000        0.0000000000000000     
  0.14717632358706009        0.0000000000000000        0.0000000000000000        0.0000000000000000     
  0.14908106806315177        0.0000000000000000        0.0000000000000000        0.0000000000000000     
  0.15098581253924345        0.0000000000000000        0.0000000000000000        0.0000000000000000     
  0.15289055701533513        0.0000000000000000        0.0000000000000000        0.0000000000000000     
  0.15479530149142681        2453.1355859119267        2440.7145664246937        2453.1355859119271     
  0.15670004596751849        0.0000000000000000        0.0000000000000000        0.0000000000000000     
  0.15860479044361017        0.0000000000000000        0.0000000000000000        0.0000000000000000     
  0.16050953491970185        2938.6092415631242        2923.7301118222176        2938.6092415631242     
  0.16241427939579353        0.0000000000000000        0.0000000000000000        0.0000000000000000     
  0.16431902387188521        0.0000000000000000        0.0000000000000000        0.0000000000000000     
  0.16622376834797689        0.0000000000000000        0.0000000000000000        0.0000000000000000     
  0.16812851282406857        3231.3245736718150        3214.9633314601529        3231.3245736718150     
  0.17003325730016025        0.0000000000000000        0.0000000000000000        0.0000000000000000     
  0.17193800177625193        0.0000000000000000        0.0000000000000000        0.0000000000000000     
  0.17384274625234361        0.0000000000000000        0.0000000000000000        0.0000000000000000     
  0.17574749072843529        15613.363745651497        12244.613032760613        12344.753685224319     
  0.17765223520452697        2819.6026904858750        2805.3261294323770        2819.6026904858750     
  0.17955697968061865        10026.148113826088        7604.4058147938340        7670.8785780841599     
  0.18146172415671033        5169.1304333522867        5022.6224650878212        5049.4192242203617     
  0.18336646863280201        388.62114604645080        385.51442675141317        387.48792545890387     
  0.18527121310889369        2910.5182823227883        2680.9801878832004        2696.8910995608016     
  0.18717595758498537        18074.978241665303        13255.356940348865        13379.257695745027     
  0.18908070206107705        91868.243895622523        36115.292402492647        37276.864006114127     
