  0.20000000000000001        852.24984031497263        86.086176883525397        121.43926218104727     
   1.6980000000000002        76.011187406012809        38.391945071816629        39.144630010110141     
   3.1960000000000006        39.990266334279980        23.535729413139716        23.876438397271443     
   4.6940000000000008        0.0000000000000000        0.0000000000000000        0.0000000000000000     
   6.1920000000000011        0.0000000000000000        0.0000000000000000        0.0000000000000000     
   7.6900000000000013        0.0000000000000000        0.0000000000000000        0.0000000000000000     
   9.1880000000000024        0.0000000000000000        0.0000000000000000        0.0000000000000000     
   10.686000000000003        0.0000000000000000        0.0000000000000000        0.0000000000000000     
   12.184000000000005        0.0000000000000000        0.0000000000000000        0.0000000000000000     
   13.682000000000006        0.0000000000000000        0.0000000000000000        0.0000000000000000     
   15.180000000000007        14.941656360188668        14.866001917814074        14.941656360188670     
   16.678000000000008        0.0000000000000000        0.0000000000000000        0.0000000000000000     
   18.176000000000009        0.0000000000000000        0.0000000000000000        0.0000000000000000     
   19.674000000000010        0.0000000000000000        0.0000000000000000        0.0000000000000000     
   21.172000000000011        0.0000000000000000        0.0000000000000000        0.0000000000000000     
   22.670000000000012        0.0000000000000000        0.0000000000000000        0.0000000000000000     
   24.168000000000013        0.0000000000000000        0.0000000000000000        0.0000000000000000     
   25.666000000000015        0.0000000000000000        0.0000000000000000        0.0000000000000000     
   27.164000000000016        0.0000000000000000        0.0000000000000000        0.0000000000000000     
   28.662000000000017        0.0000000000000000        0.0000000000000000        0.0000000000000000     
   30.160000000000018        0.0000000000000000        0.0000000000000000        0.0000000000000000     
   31.658000000000019        0.0000000000000000        0.0000000000000000        0.0000000000000000     
   33.156000000000020        0.0000000000000000        0.0000000000000000        0.0000000000000000     
   34.654000000000018        0.0000000000000000        0.0000000000000000        0.0000000000000000     
   36.152000000000015        0.0000000000000000        0.0000000000000000        0.0000000000000000     
   37.650000000000013        0.0000000000000000        0.0000000000000000        0.0000000000000000     
   39.148000000000010        0.0000000000000000        0.0000000000000000        0.0000000000000000     
   40.646000000000008        0.0000000000000000        0.0000000000000000        0.0000000000000000     
   42.144000000000005        0.0000000000000000        0.0000000000000000        0.0000000000000000     
   43.642000000000003        0.0000000000000000        0.0000000000000000        0.0000000000000000     
   45.140000000000001        0.0000000000000000        0.0000000000000000        0.0000000000000000     
   46.637999999999998        0.0000000000000000        0.0000000000000000        0.0000000000000000     
   48.135999999999996        0.0000000000000000        0.0000000000000000        0.0000000000000000     
   49.633999999999993        0.0000000000000000        0.0000000000000000        0.0000000000000000     
   51.131999999999991        0.0000000000000000        0.0000000000000000        0.0000000000000000     
   52.629999999999988        0.0000000000000000        0.0000000000000000        0.0000000000000000     
   54.127999999999986        0.0000000000000000        0.0000000000000000        0.0000000000000000     
   55.625999999999983        0.0000000000000000        0.0000000000000000        0.0000000000000000     
   57.123999999999981        0.0000000000000000        0.0000000000000000        0.0000000000000000     
   58.621999999999979        0.0000000000000000        0.0000000000000000        0.0000000000000000     
   60.119999999999976        0.0000000000000000        0.0000000000000000        0.0000000000000000     
   61.617999999999974        0.0000000000000000        0.0000000000000000        0.0000000000000000     
   63.115999999999971        0.0000000000000000        0.0000000000000000        0.0000000000000000     
   64.613999999999976        0.0000000000000000        0.0000000000000000        0.0000000000000000     
   66.111999999999981        0.0000000000000000        0.0000000000000000        0.0000000000000000     
   67.609999999999985        0.0000000000000000        0.0000000000000000        0.0000000000000000     
   69.107999999999990        0.0000000000000000        0.0000000000000000        0.0000000000000000     
   70.605999999999995        0.0000000000000000        0.0000000000000000        0.0000000000000000     
   72.103999999999999        0.0000000000000000        0.0000000000000000        0.0000000000000000     
   73.602000000000004        0.0000000000000000        0.0000000000000000        0.0000000000000000     
   75.100000000000009        0.0000000000000000        0.0000000000000000        0.0000000000000000     
   76.598000000000013        0.0000000000000000        0.0000000000000000        0.0000000000000000     
   78.096000000000018        0.0000000000000000        0.0000000000000000        0.0000000000000000     
   79.594000000000023        0.0000000000000000        0.0000000000000000        0.0000000000000000     
   81.092000000000027        0.0000000000000000        0.0000000000000000        0.0000000000000000     
   82.590000000000032        0.0000000000000000        0.0000000000000000        0.0000000000000000     
   84.088000000000036        0.0000000000000000        0.0000000000000000        0.0000000000000000     
   85.586000000000041        0.0000000000000000        0.0000000000000000        0.0000000000000000     
   87.084000000000046        0.0000000000000000        0.0000000000000000        0.0000000000000000     
   88.582000000000050        0.0000000000000000        0.0000000000000000        0.0000000000000000     
   90.080000000000055        0.0000000000000000        0.0000000000000000        0.0000000000000000     
   91.578000000000060        0.0000000000000000        0.0000000000000000        0.0000000000000000     
   93.076000000000064        0.0000000000000000        0.0000000000000000        0.0000000000000000     
   94.574000000000069        0.0000000000000000        0.0000000000000000        0.0000000000000000     
   96.072000000000074        0.0000000000000000        0.0000000000000000        0.0000000000000000     
   97.570000000000078        0.0000000000000000        0.0000000000000000        0.0000000000000000     
   99.068000000000083        0.0000000000000000        0.0000000000000000        0.0000000000000000     
   100.56600000000009        0.0000000000000000        0.0000000000000000        0.0000000000000000     
   102.06400000000009        0.0000000000000000        0.0000000000000000        0.0000000000000000     
   103.56200000000010        0.0000000000000000        0.0000000000000000        0.0000000000000000     
   105.06000000000010        0.0000000000000000        0.0000000000000000        0.0000000000000000     
   106.55800000000011        0.0000000000000000        0.0000000000000000        0.0000000000000000     
   108.05600000000011        0.0000000000000000        0.0000000000000000        0.0000000000000000     
   109.55400000000012        0.0000000000000000        0.0000000000000000        0.0000000000000000     
   111.05200000000012        0.0000000000000000        0.0000000000000000        0.0000000000000000     
   112.55000000000013        0.0000000000000000        0.0000000000000000        0.0000000000000000     
   114.04800000000013        0.0000000000000000        0.0000000000000000        0.0000000000000000     
   115.54600000000013        0.0000000000000000        0.0000000000000000        0.0000000000000000     
   117.04400000000014        0.0000000000000000        0.0000000000000000        0.0000000000000000     
   118.54200000000014        0.0000000000000000        0.0000000000000000        0.0000000000000000     
   120.04000000000015        0.0000000000000000        0.0000000000000000        0.0000000000000000     
   121.53800000000015        0.0000000000000000        0.0000000000000000        0.0000000000000000     
   123.03600000000016        0.0000000000000000        0.0000000000000000        0.0000000000000000     
   124.53400000000016        0.0000000000000000        0.0000000000000000        0.0000000000000000     
   126.03200000000017        0.0000000000000000        0.0000000000000000        0.0000000000000000     
   127.53000000000017        0.0000000000000000        0.0000000000000000        0.0000000000000000     
   129.02800000000016        0.0000000000000000        0.0000000000000000        0.0000000000000000     
   130.52600000000015        0.0000000000000000        0.0000000000000000        0.0000000000000000     
   132.02400000000014        0.0000000000000000        0.0000000000000000        0.0000000000000000     
   133.52200000000013        0.0000000000000000        0.0000000000000000        0.0000000000000000     
   135.02000000000012        0.0000000000000000        0.0000000000000000        0.0000000000000000     
   136.51800000000011        0.0000000000000000        0.0000000000000000        0.0000000000000000     
   138.01600000000010        0.0000000000000000        0.0000000000000000        0.0000000000000000     
   139.51400000000010        0.0000000000000000        0.0000000000000000        0.0000000000000000     
   141.01200000000009        0.0000000000000000        0.0000000000000000        0.0000000000000000     
   142.51000000000008        0.0000000000000000        0.0000000000000000        0.0000000000000000     
   144.00800000000007        0.0000000000000000        0.0000000000000000        0.0000000000000000     
   145.50600000000006        0.0000000000000000        0.0000000000000000        0.0000000000000000     
   147.00400000000005        0.0000000000000000        0.0000000000000000        0.0000000000000000     
   148.50200000000004        0.0000000000000000        0.0000000000000000        0.0000000000000000     
