   0.0000000000000000        0.0000000000000000        0.0000000000000000        0.0000000000000000     
   1.8000000000000000        0.0000000000000000        0.0000000000000000        0.0000000000000000     
   3.6000000000000001        0.0000000000000000        0.0000000000000000        0.0000000000000000     
   5.4000000000000004        0.0000000000000000        0.0000000000000000        0.0000000000000000     
   7.2000000000000002        0.0000000000000000        0.0000000000000000        0.0000000000000000     
   9.0000000000000000        0.0000000000000000        0.0000000000000000        0.0000000000000000     
   10.800000000000001        0.0000000000000000        0.0000000000000000        0.0000000000000000     
   12.600000000000001        0.0000000000000000        0.0000000000000000        0.0000000000000000     
   14.400000000000002        0.0000000000000000        0.0000000000000000        0.0000000000000000     
   16.200000000000003        0.0000000000000000        0.0000000000000000        0.0000000000000000     
   18.000000000000004        0.0000000000000000        0.0000000000000000        0.0000000000000000     
   19.800000000000004        0.0000000000000000        0.0000000000000000        0.0000000000000000     
   21.600000000000005        0.0000000000000000        0.0000000000000000        0.0000000000000000     
   23.400000000000006        0.0000000000000000        0.0000000000000000        0.0000000000000000     
   25.200000000000006        0.0000000000000000        0.0000000000000000        0.0000000000000000     
   27.000000000000007        0.0000000000000000        0.0000000000000000        0.0000000000000000     
   28.800000000000008        0.0000000000000000        0.0000000000000000        0.0000000000000000     
   30.600000000000009        0.0000000000000000        0.0000000000000000        0.0000000000000000     
   32.400000000000006        0.0000000000000000        0.0000000000000000        0.0000000000000000     
   34.200000000000003        0.0000000000000000        0.0000000000000000        0.0000000000000000     
   36.000000000000000        0.0000000000000000        0.0000000000000000        0.0000000000000000     
   37.799999999999997        0.0000000000000000        0.0000000000000000        0.0000000000000000     
   39.599999999999994        0.0000000000000000        0.0000000000000000        0.0000000000000000     
   41.399999999999991        0.0000000000000000        0.0000000000000000        0.0000000000000000     
   43.199999999999989        0.0000000000000000        0.0000000000000000        0.0000000000000000     
   44.999999999999986        4.9828926771539006        4.9576626786975728        4.9828926771539006     
   46.799999999999983        0.0000000000000000        0.0000000000000000        0.0000000000000000     
   48.599999999999980        0.0000000000000000        0.0000000000000000        0.0000000000000000     
   50.399999999999977        0.0000000000000000        0.0000000000000000        0.0000000000000000     
   52.199999999999974        0.0000000000000000        0.0000000000000000        0.0000000000000000     
   53.999999999999972        0.0000000000000000        0.0000000000000000        0.0000000000000000     
   55.799999999999969        0.0000000000000000        0.0000000000000000        0.0000000000000000     
   57.599999999999966        0.0000000000000000        0.0000000000000000        0.0000000000000000     
   59.399999999999963        0.0000000000000000        0.0000000000000000        0.0000000000000000     
   61.199999999999960        0.0000000000000000        0.0000000000000000        0.0000000000000000     
   62.999999999999957        0.0000000000000000        0.0000000000000000        0.0000000000000000     
   64.799999999999955        0.0000000000000000        0.0000000000000000        0.0000000000000000     
   66.599999999999952        0.0000000000000000        0.0000000000000000        0.0000000000000000     
   68.399999999999949        0.0000000000000000        0.0000000000000000        0.0000000000000000     
   70.199999999999946        1.4314687986928368E-012   1.4242208088360835E-012   1.4314687986928368E-012
   71.999999999999943        0.0000000000000000        0.0000000000000000        0.0000000000000000     
   73.799999999999940        0.0000000000000000        0.0000000000000000        0.0000000000000000     
   75.599999999999937        0.0000000000000000        0.0000000000000000        0.0000000000000000     
   77.399999999999935        0.0000000000000000        0.0000000000000000        0.0000000000000000     
   79.199999999999932        0.0000000000000000        0.0000000000000000        0.0000000000000000     
   80.999999999999929        0.0000000000000000        0.0000000000000000        0.0000000000000000     
   82.799999999999926        0.0000000000000000        0.0000000000000000        0.0000000000000000     
   84.599999999999923        0.0000000000000000        0.0000000000000000        0.0000000000000000     
   86.399999999999920        0.0000000000000000        0.0000000000000000        0.0000000000000000     
   88.199999999999918        0.0000000000000000        0.0000000000000000        0.0000000000000000     
   89.999999999999915        0.0000000000000000        0.0000000000000000        0.0000000000000000     
   91.799999999999912       0.45527428016478005       0.45296907912394130       0.45527428016478005     
   93.599999999999909        0.0000000000000000        0.0000000000000000        0.0000000000000000     
   95.399999999999906        0.0000000000000000        0.0000000000000000        0.0000000000000000     
   97.199999999999903        0.0000000000000000        0.0000000000000000        0.0000000000000000     
   98.999999999999901        0.0000000000000000        0.0000000000000000        0.0000000000000000     
   100.79999999999990        1.3133771819738930E-005   1.3067271281957524E-005   1.3133771819738930E-005
   102.59999999999989        19.641146652667413        19.541697169840031        19.641146652667413     
   104.39999999999989        0.0000000000000000        0.0000000000000000        0.0000000000000000     
   106.19999999999989        0.0000000000000000        0.0000000000000000        0.0000000000000000     
   107.99999999999989        0.0000000000000000        0.0000000000000000        0.0000000000000000     
   109.79999999999988        0.0000000000000000        0.0000000000000000        0.0000000000000000     
   111.59999999999988        0.0000000000000000        0.0000000000000000        0.0000000000000000     
   113.39999999999988        0.0000000000000000        0.0000000000000000        0.0000000000000000     
   115.19999999999987        0.0000000000000000        0.0000000000000000        0.0000000000000000     
   116.99999999999987        0.0000000000000000        0.0000000000000000        0.0000000000000000     
   118.79999999999987        0.0000000000000000        0.0000000000000000        0.0000000000000000     
   120.59999999999987        0.0000000000000000        0.0000000000000000        0.0000000000000000     
   122.39999999999986        0.0000000000000000        0.0000000000000000        0.0000000000000000     
   124.19999999999986        0.0000000000000000        0.0000000000000000        0.0000000000000000     
   125.99999999999986        0.0000000000000000        0.0000000000000000        0.0000000000000000     
   127.79999999999986        0.0000000000000000        0.0000000000000000        0.0000000000000000     
   129.59999999999985        0.0000000000000000        0.0000000000000000        0.0000000000000000     
   131.39999999999986        0.0000000000000000        0.0000000000000000        0.0000000000000000     
   133.19999999999987        0.0000000000000000        0.0000000000000000        0.0000000000000000     
   134.99999999999989        0.0000000000000000        0.0000000000000000        0.0000000000000000     
   136.79999999999990        12.434778459757016        12.371817151603048        12.434778459757018     
   138.59999999999991        0.0000000000000000        0.0000000000000000        0.0000000000000000     
   140.39999999999992        25.668851498641974        25.538881795169186        25.668851498641974     
   142.19999999999993        0.0000000000000000        0.0000000000000000        0.0000000000000000     
   143.99999999999994        0.0000000000000000        0.0000000000000000        0.0000000000000000     
   145.79999999999995        0.0000000000000000        0.0000000000000000        0.0000000000000000     
   147.59999999999997        1.6468374659911713E-002   1.6384989948626874E-002   1.6468374659911713E-002
   149.39999999999998        0.0000000000000000        0.0000000000000000        0.0000000000000000     
   151.19999999999999        0.0000000000000000        0.0000000000000000        0.0000000000000000     
   153.00000000000000        10.807467337267596        10.752745632044793        10.807467337267596     
   154.80000000000001        4.9538106005734862E-003   4.9287278540839936E-003   4.9538106005734862E-003
   156.60000000000002        0.0000000000000000        0.0000000000000000        0.0000000000000000     
   158.40000000000003        34.120407248016470        33.947644582237274        34.120407248016470     
   160.20000000000005        6.9599187712997592        6.9246784498171872        6.9599187712997592     
   162.00000000000006        40.452440992029103        22.520206477732071        22.884252064450738     
   163.80000000000007        40.571253818951590        26.405696803252166        26.718670538530020     
   165.60000000000008        13.754362338046274        13.684719549601775        13.754362338046276     
   167.40000000000009        0.0000000000000000        0.0000000000000000        0.0000000000000000     
   169.20000000000010        73.416643262886666        28.484689517501415        29.424853725841043     
   171.00000000000011        193.93278996651057        47.537242299362795        51.377890752715523     
   172.80000000000013        131.40387470196308        39.581016818574739        41.726140661221784     
   174.60000000000014        209.61148474358299        46.409383587032494        50.967035508536448     
   176.40000000000015        0.0000000000000000        0.0000000000000000        0.0000000000000000     
   178.20000000000016        0.0000000000000000        0.0000000000000000        0.0000000000000000     
