   0.0000000000000000        3.6290758276719801E-012   3.6107006421196481E-012   3.6290758276719801E-012
  0.70999999999999996        12.632685660390170        12.568722284022014        12.632685660390170     
   1.4199999999999999        1.1542164849247945        1.1483723132719637        1.1542164849247945     
   2.1299999999999999        0.0000000000000000        0.0000000000000000        0.0000000000000000     
   2.8399999999999999        49.794489599423400        49.542330515082831        49.794456302548227     
   3.5499999999999998        0.0000000000000000        0.0000000000000000        0.0000000000000000     
   4.2599999999999998        0.0000000000000000        0.0000000000000000        0.0000000000000000     
   4.9699999999999998        0.0000000000000000        0.0000000000000000        0.0000000000000000     
   5.6799999999999997        0.0000000000000000        0.0000000000000000        0.0000000000000000     
   6.3899999999999997        31.524790461355810        31.365170243500682        31.524790461355817     
   7.0999999999999996        65.075961545852891        64.746460889161298        65.075961545852891     
   7.8099999999999996        0.0000000000000000        0.0000000000000000        0.0000000000000000     
   8.5199999999999996        0.0000000000000000        0.0000000000000000        0.0000000000000000     
   9.2300000000000004        4.1750808996959266E-002   4.1539411137363903E-002   4.1750808996959266E-002
   9.9400000000000013        0.0000000000000000        0.0000000000000000        0.0000000000000000     
   10.650000000000002        27.399212967720661        27.260481884057221        27.399212967720661     
   11.360000000000003        0.0000000000000000        0.0000000000000000        0.0000000000000000     
   12.070000000000004        1.2558956452158133E-002   1.2495366390635474E-002   1.2558956452158133E-002
   12.780000000000005        0.0000000000000000        0.0000000000000000        0.0000000000000000     
   13.490000000000006        86.502440910464273        86.064451053559281        86.502440910464273     
   14.200000000000006        0.0000000000000000        0.0000000000000000        0.0000000000000000     
   14.910000000000007        17.644864490619106        17.555522830522445        17.644864490619106     
   15.620000000000008        0.0000000000000000        0.0000000000000000        0.0000000000000000     
   16.330000000000009        33.278167174002334        33.109669042328939        33.278167174002334     
   17.040000000000010        35.358777103859147        33.316175417599091        33.505167703246947     
   17.750000000000011        33.918539927282730        33.529847914937790        33.702694009977272     
   18.460000000000012        68.437887299683879        58.147214317441254        58.552618067475521     
   19.170000000000012        34.057082124456514        33.884640094274587        34.057082124456514     
   19.880000000000013       0.36173039855376832       0.26498817354654919       0.26747044320938651     
   20.590000000000014        0.0000000000000000        0.0000000000000000        0.0000000000000000     
   21.300000000000015        0.0000000000000000        0.0000000000000000        0.0000000000000000     
   22.010000000000016        34.870214378145477        34.693655196173509        34.870214378145484     
   22.720000000000017        0.0000000000000000        0.0000000000000000        0.0000000000000000     
   23.430000000000017        0.0000000000000000        0.0000000000000000        0.0000000000000000     
   24.140000000000018        0.0000000000000000        0.0000000000000000        0.0000000000000000     
   24.850000000000019        0.0000000000000000        0.0000000000000000        0.0000000000000000     
   25.560000000000020        0.0000000000000000        0.0000000000000000        0.0000000000000000     
   26.270000000000021        0.0000000000000000        0.0000000000000000        0.0000000000000000     
   26.980000000000022        14.024719975095289        13.953708278426722        14.024719975095289     
   27.690000000000023        14.805699846243845        14.730733795704916        14.805699846243845     
   28.400000000000023        65.250123245820177        45.942938789677790        46.408614167100652     
   29.110000000000024        18.301625850301637        18.207433042485317        18.300107823943115     
   29.820000000000025        36.407084411257777        36.222743558863563        36.407084411257777     
   30.530000000000026       0.73254050284575423       0.72883141317566491       0.73254050284575434     
   31.240000000000027        36.528363364700816        36.343408437710508        36.528363364700816     
   31.950000000000028        34.040394155795248        33.511681588672609        33.685862502536430     
   32.660000000000025        36.818630498349414        36.632205854909564        36.818630498349407     
   33.370000000000026        73.909619376417155        51.726306372872173        52.256950450035617     
   34.080000000000027        0.0000000000000000        0.0000000000000000        0.0000000000000000     
   34.790000000000028        2.9025514693840391        2.8878549118146317        2.9025514693840391     
   35.500000000000028        37.249768679253350        37.061161043655446        37.249768679253350     
   36.210000000000029        0.0000000000000000        0.0000000000000000        0.0000000000000000     
   36.920000000000030        112.43984766735853        63.926016653732013        64.917176779383553     
   37.630000000000031        0.0000000000000000        0.0000000000000000        0.0000000000000000     
   38.340000000000032        32.462830020946285        32.298460205182103        32.462830020946285     
   39.050000000000033        45.263599747445461        38.180669570616402        38.450727071358713     
   39.760000000000034        49.237291668311940        40.082742292166898        40.387055085219224     
   40.470000000000034        29.362570463533377        22.689001390871823        22.880110936813708     
   41.180000000000035        38.050034568087789        37.857374927269596        38.050034568087789     
   41.890000000000036        38.126766545344942        37.933718385689765        38.126766545344942     
   42.600000000000037        0.0000000000000000        0.0000000000000000        0.0000000000000000     
   43.310000000000038        0.0000000000000000        0.0000000000000000        0.0000000000000000     
   44.020000000000039        38.364948702718316        38.170694549707029        38.364948702718308     
   44.730000000000040        6.5811217695347768        6.5477994198788130        6.5811217695347777     
   45.440000000000040        26.732305408806575        22.957215740038070        23.113894079299861     
   46.150000000000041       0.12527682663616529       0.12464250951407760       0.12527682663616529     
   46.860000000000042        0.0000000000000000        0.0000000000000000        0.0000000000000000     
   47.570000000000043        0.0000000000000000        0.0000000000000000        0.0000000000000000     
   48.280000000000044        38.820426448989785        38.623866064722904        38.820426448989785     
   48.990000000000045        0.0000000000000000        0.0000000000000000        0.0000000000000000     
   49.700000000000045        108.40726720110622        62.029148470190989        62.978755943249162     
   50.410000000000046        0.0000000000000000        0.0000000000000000        0.0000000000000000     
   51.120000000000047        0.0000000000000000        0.0000000000000000        0.0000000000000000     
   51.830000000000048        0.0000000000000000        0.0000000000000000        0.0000000000000000     
   52.540000000000049        17.410776651108783        17.322620253511662        17.410776651108780     
   53.250000000000050        48.587328523819224        40.134335866826014        40.430318547168973     
   53.960000000000051        19.203422593776562        18.908305317858058        19.006550818778926     
   54.670000000000051        7.0926669010053383        7.0567544327749729        7.0926669010053391     
   55.380000000000052        0.0000000000000000        0.0000000000000000        0.0000000000000000     
   56.090000000000053        15.295073083657911        15.217629178020649        15.295073083657911     
   56.800000000000054        8.6687994819165102        8.6249065442761417        8.6687994819165102     
   57.510000000000055        39.750085514561903        39.548817965539740        39.750085514561903     
   58.220000000000056        0.0000000000000000        0.0000000000000000        0.0000000000000000     
   58.930000000000057       0.67432831952726635       0.59889851516557369       0.60272095489765876     
   59.640000000000057        0.0000000000000000        0.0000000000000000        0.0000000000000000     
   60.350000000000058        26.715572954278286        21.007676202682145        21.178568670579903     
   61.060000000000059        40.033580169809994        39.830877195588513        40.033580169809994     
   61.770000000000060        0.0000000000000000        0.0000000000000000        0.0000000000000000     
   62.480000000000061        40.149535635174210        39.946245540899838        40.149535635174210     
   63.190000000000062        40.202415231162114        39.998857390377516        40.202415231162114     
   63.900000000000063        2.2915080086802739E-002   2.2799053619311796E-002   2.2915080086802739E-002
   64.610000000000056        41.392674458354087        40.148537093344522        40.363493799890456     
   65.320000000000050        61.850713635821421        42.900080240840630        43.348107313620908     
   66.030000000000044        40.475757691685999        40.270815829549967        40.475757691685999     
   66.740000000000038        16.459134390843204        11.610035480367314        11.727289493072803     
   67.450000000000031        2.1480982978226493        2.0122819589373209        2.0238300419751338     
   68.160000000000025        17.488427049611854        12.464759219397161        12.588072395991945     
   68.870000000000019        0.0000000000000000        0.0000000000000000        0.0000000000000000     
   69.580000000000013        62.594435499204195        45.782904396943358        46.213101308499034     
   70.290000000000006        17.769529208822288        11.644859833242604        11.781010855667423     
