   0.0000000000000000        0.0000000000000000        0.0000000000000000        0.0000000000000000     
   1.8000000000000000        0.0000000000000000        0.0000000000000000        0.0000000000000000     
   3.6000000000000001        0.0000000000000000        0.0000000000000000        0.0000000000000000     
   5.4000000000000004        0.0000000000000000        0.0000000000000000        0.0000000000000000     
   7.2000000000000002        0.0000000000000000        0.0000000000000000        0.0000000000000000     
   9.0000000000000000        0.0000000000000000        0.0000000000000000        0.0000000000000000     
   10.800000000000001        0.0000000000000000        0.0000000000000000        0.0000000000000000     
   12.600000000000001        0.0000000000000000        0.0000000000000000        0.0000000000000000     
   14.400000000000002        0.0000000000000000        0.0000000000000000        0.0000000000000000     
   16.200000000000003        0.0000000000000000        0.0000000000000000        0.0000000000000000     
   18.000000000000004        0.0000000000000000        0.0000000000000000        0.0000000000000000     
   19.800000000000004        0.0000000000000000        0.0000000000000000        0.0000000000000000     
   21.600000000000005        0.0000000000000000        0.0000000000000000        0.0000000000000000     
   23.400000000000006        0.0000000000000000        0.0000000000000000        0.0000000000000000     
   25.200000000000006        0.0000000000000000        0.0000000000000000        0.0000000000000000     
   27.000000000000007        0.0000000000000000        0.0000000000000000        0.0000000000000000     
   28.800000000000008        0.0000000000000000        0.0000000000000000        0.0000000000000000     
   30.600000000000009        0.0000000000000000        0.0000000000000000        0.0000000000000000     
   32.400000000000006        0.0000000000000000        0.0000000000000000        0.0000000000000000     
   34.200000000000003        0.0000000000000000        0.0000000000000000        0.0000000000000000     
   36.000000000000000        0.0000000000000000        0.0000000000000000        0.0000000000000000     
   37.799999999999997        0.0000000000000000        0.0000000000000000        0.0000000000000000     
   39.599999999999994        0.0000000000000000        0.0000000000000000        0.0000000000000000     
   41.399999999999991        0.0000000000000000        0.0000000000000000        0.0000000000000000     
   43.199999999999989        0.0000000000000000        0.0000000000000000        0.0000000000000000     
   44.999999999999986        0.0000000000000000        0.0000000000000000        0.0000000000000000     
   46.799999999999983        0.0000000000000000        0.0000000000000000        0.0000000000000000     
   48.599999999999980        0.0000000000000000        0.0000000000000000        0.0000000000000000     
   50.399999999999977        0.0000000000000000        0.0000000000000000        0.0000000000000000     
   52.199999999999974        0.0000000000000000        0.0000000000000000        0.0000000000000000     
   53.999999999999972        0.0000000000000000        0.0000000000000000        0.0000000000000000     
   55.799999999999969        0.0000000000000000        0.0000000000000000        0.0000000000000000     
   57.599999999999966        0.0000000000000000        0.0000000000000000        0.0000000000000000     
   59.399999999999963        0.0000000000000000        0.0000000000000000        0.0000000000000000     
   61.199999999999960        0.0000000000000000        0.0000000000000000        0.0000000000000000     
   62.999999999999957        0.0000000000000000        0.0000000000000000        0.0000000000000000     
   64.799999999999955        0.0000000000000000        0.0000000000000000        0.0000000000000000     
   66.599999999999952        0.0000000000000000        0.0000000000000000        0.0000000000000000     
   68.399999999999949        0.0000000000000000        0.0000000000000000        0.0000000000000000     
   70.199999999999946        0.0000000000000000        0.0000000000000000        0.0000000000000000     
   71.999999999999943        0.0000000000000000        0.0000000000000000        0.0000000000000000     
   73.799999999999940        0.0000000000000000        0.0000000000000000        0.0000000000000000     
   75.599999999999937        0.0000000000000000        0.0000000000000000        0.0000000000000000     
   77.399999999999935        0.0000000000000000        0.0000000000000000        0.0000000000000000     
   79.199999999999932        0.0000000000000000        0.0000000000000000        0.0000000000000000     
   80.999999999999929        0.0000000000000000        0.0000000000000000        0.0000000000000000     
   82.799999999999926        0.0000000000000000        0.0000000000000000        0.0000000000000000     
   84.599999999999923        0.0000000000000000        0.0000000000000000        0.0000000000000000     
   86.399999999999920        0.0000000000000000        0.0000000000000000        0.0000000000000000     
   88.199999999999918        0.0000000000000000        0.0000000000000000        0.0000000000000000     
   89.999999999999915        232.09570402813230        58.413640498819092        62.898957135492267     
   91.799999999999912        0.0000000000000000        0.0000000000000000        0.0000000000000000     
   93.599999999999909        0.0000000000000000        0.0000000000000000        0.0000000000000000     
   95.399999999999906        0.0000000000000000        0.0000000000000000        0.0000000000000000     
   97.199999999999903        0.0000000000000000        0.0000000000000000        0.0000000000000000     
   98.999999999999901        0.0000000000000000        0.0000000000000000        0.0000000000000000     
   100.79999999999990        0.0000000000000000        0.0000000000000000        0.0000000000000000     
   102.59999999999989        0.0000000000000000        0.0000000000000000        0.0000000000000000     
   104.39999999999989        0.0000000000000000        0.0000000000000000        0.0000000000000000     
   106.19999999999989        0.0000000000000000        0.0000000000000000        0.0000000000000000     
   107.99999999999989        0.0000000000000000        0.0000000000000000        0.0000000000000000     
   109.79999999999988        0.0000000000000000        0.0000000000000000        0.0000000000000000     
   111.59999999999988        0.0000000000000000        0.0000000000000000        0.0000000000000000     
   113.39999999999988        0.0000000000000000        0.0000000000000000        0.0000000000000000     
   115.19999999999987        0.0000000000000000        0.0000000000000000        0.0000000000000000     
   116.99999999999987        0.0000000000000000        0.0000000000000000        0.0000000000000000     
   118.79999999999987        0.0000000000000000        0.0000000000000000        0.0000000000000000     
   120.59999999999987        0.0000000000000000        0.0000000000000000        0.0000000000000000     
   122.39999999999986        0.0000000000000000        0.0000000000000000        0.0000000000000000     
   124.19999999999986        0.0000000000000000        0.0000000000000000        0.0000000000000000     
   125.99999999999986        0.0000000000000000        0.0000000000000000        0.0000000000000000     
   127.79999999999986        0.0000000000000000        0.0000000000000000        0.0000000000000000     
   129.59999999999985        0.0000000000000000        0.0000000000000000        0.0000000000000000     
   131.39999999999986        0.0000000000000000        0.0000000000000000        0.0000000000000000     
   133.19999999999987        0.0000000000000000        0.0000000000000000        0.0000000000000000     
   134.99999999999989        0.0000000000000000        0.0000000000000000        0.0000000000000000     
   136.79999999999990        0.0000000000000000        0.0000000000000000        0.0000000000000000     
   138.59999999999991        0.0000000000000000        0.0000000000000000        0.0000000000000000     
   140.39999999999992        0.0000000000000000        0.0000000000000000        0.0000000000000000     
   142.19999999999993        0.0000000000000000        0.0000000000000000        0.0000000000000000     
   143.99999999999994        0.0000000000000000        0.0000000000000000        0.0000000000000000     
   145.79999999999995        0.0000000000000000        0.0000000000000000        0.0000000000000000     
   147.59999999999997        0.0000000000000000        0.0000000000000000        0.0000000000000000     
   149.39999999999998        0.0000000000000000        0.0000000000000000        0.0000000000000000     
   151.19999999999999        0.0000000000000000        0.0000000000000000        0.0000000000000000     
   153.00000000000000        0.0000000000000000        0.0000000000000000        0.0000000000000000     
   154.80000000000001        0.0000000000000000        0.0000000000000000        0.0000000000000000     
   156.60000000000002        0.0000000000000000        0.0000000000000000        0.0000000000000000     
   158.40000000000003        0.0000000000000000        0.0000000000000000        0.0000000000000000     
   160.20000000000005        0.0000000000000000        0.0000000000000000        0.0000000000000000     
   162.00000000000006        0.0000000000000000        0.0000000000000000        0.0000000000000000     
   163.80000000000007        0.0000000000000000        0.0000000000000000        0.0000000000000000     
   165.60000000000008        0.0000000000000000        0.0000000000000000        0.0000000000000000     
   167.40000000000009        0.0000000000000000        0.0000000000000000        0.0000000000000000     
   169.20000000000010        0.0000000000000000        0.0000000000000000        0.0000000000000000     
   171.00000000000011        0.0000000000000000        0.0000000000000000        0.0000000000000000     
   172.80000000000013        0.0000000000000000        0.0000000000000000        0.0000000000000000     
   174.60000000000014        0.0000000000000000        0.0000000000000000        0.0000000000000000     
   176.40000000000015        0.0000000000000000        0.0000000000000000        0.0000000000000000     
   178.20000000000016        0.0000000000000000        0.0000000000000000        0.0000000000000000     
