  -1.0000000000000000        0.0000000000000000        0.0000000000000000        0.0000000000000000     
 -0.97999999999999998        0.0000000000000000        0.0000000000000000        0.0000000000000000     
 -0.95999999999999996        0.0000000000000000        0.0000000000000000        0.0000000000000000     
 -0.93999999999999995        0.0000000000000000        0.0000000000000000        0.0000000000000000     
 -0.91999999999999993        0.0000000000000000        0.0000000000000000        0.0000000000000000     
 -0.89999999999999991        0.0000000000000000        0.0000000000000000        0.0000000000000000     
 -0.87999999999999989        0.0000000000000000        0.0000000000000000        0.0000000000000000     
 -0.85999999999999988        0.0000000000000000        0.0000000000000000        0.0000000000000000     
 -0.83999999999999986        0.0000000000000000        0.0000000000000000        0.0000000000000000     
 -0.81999999999999984        0.0000000000000000        0.0000000000000000        0.0000000000000000     
 -0.79999999999999982        0.0000000000000000        0.0000000000000000        0.0000000000000000     
 -0.77999999999999980        0.0000000000000000        0.0000000000000000        0.0000000000000000     
 -0.75999999999999979        0.0000000000000000        0.0000000000000000        0.0000000000000000     
 -0.73999999999999977        0.0000000000000000        0.0000000000000000        0.0000000000000000     
 -0.71999999999999975        0.0000000000000000        0.0000000000000000        0.0000000000000000     
 -0.69999999999999973        0.0000000000000000        0.0000000000000000        0.0000000000000000     
 -0.67999999999999972        0.0000000000000000        0.0000000000000000        0.0000000000000000     
 -0.65999999999999970        0.0000000000000000        0.0000000000000000        0.0000000000000000     
 -0.63999999999999968        0.0000000000000000        0.0000000000000000        0.0000000000000000     
 -0.61999999999999966        0.0000000000000000        0.0000000000000000        0.0000000000000000     
 -0.59999999999999964        0.0000000000000000        0.0000000000000000        0.0000000000000000     
 -0.57999999999999963        0.0000000000000000        0.0000000000000000        0.0000000000000000     
 -0.55999999999999961        0.0000000000000000        0.0000000000000000        0.0000000000000000     
 -0.53999999999999959        0.0000000000000000        0.0000000000000000        0.0000000000000000     
 -0.51999999999999957        0.0000000000000000        0.0000000000000000        0.0000000000000000     
 -0.49999999999999956        0.0000000000000000        0.0000000000000000        0.0000000000000000     
 -0.47999999999999954        0.0000000000000000        0.0000000000000000        0.0000000000000000     
 -0.45999999999999952       0.25396382599472556       0.25267792494227304       0.25396382599472556     
 -0.43999999999999950        0.0000000000000000        0.0000000000000000        0.0000000000000000     
 -0.41999999999999948        0.0000000000000000        0.0000000000000000        0.0000000000000000     
 -0.39999999999999947        0.0000000000000000        0.0000000000000000        0.0000000000000000     
 -0.37999999999999945        0.0000000000000000        0.0000000000000000        0.0000000000000000     
 -0.35999999999999943        0.0000000000000000        0.0000000000000000        0.0000000000000000     
 -0.33999999999999941        0.0000000000000000        0.0000000000000000        0.0000000000000000     
 -0.31999999999999940        7.6872257327038032        7.6483028206654220        7.6872257327038032     
 -0.29999999999999938        0.0000000000000000        0.0000000000000000        0.0000000000000000     
 -0.27999999999999936        0.0000000000000000        0.0000000000000000        0.0000000000000000     
 -0.25999999999999934        0.0000000000000000        0.0000000000000000        0.0000000000000000     
 -0.23999999999999935        0.0000000000000000        0.0000000000000000        0.0000000000000000     
 -0.21999999999999936        0.0000000000000000        0.0000000000000000        0.0000000000000000     
 -0.19999999999999937        4.4575938842450595        4.4350236436026949        4.4575938842450595     
 -0.17999999999999938        0.0000000000000000        0.0000000000000000        0.0000000000000000     
 -0.15999999999999939        0.0000000000000000        0.0000000000000000        0.0000000000000000     
 -0.13999999999999940        0.0000000000000000        0.0000000000000000        0.0000000000000000     
 -0.11999999999999940        0.0000000000000000        0.0000000000000000        0.0000000000000000     
  -9.9999999999999395E-002   0.0000000000000000        0.0000000000000000        0.0000000000000000     
  -7.9999999999999391E-002   0.0000000000000000        0.0000000000000000        0.0000000000000000     
  -5.9999999999999387E-002   0.0000000000000000        0.0000000000000000        0.0000000000000000     
  -3.9999999999999383E-002   0.0000000000000000        0.0000000000000000        0.0000000000000000     
  -1.9999999999999383E-002   0.0000000000000000        0.0000000000000000        0.0000000000000000     
   6.1756155744774333E-016   0.0000000000000000        0.0000000000000000        0.0000000000000000     
   2.0000000000000618E-002   0.0000000000000000        0.0000000000000000        0.0000000000000000     
   4.0000000000000618E-002   0.0000000000000000        0.0000000000000000        0.0000000000000000     
   6.0000000000000622E-002   0.0000000000000000        0.0000000000000000        0.0000000000000000     
   8.0000000000000626E-002   0.0000000000000000        0.0000000000000000        0.0000000000000000     
  0.10000000000000063        0.0000000000000000        0.0000000000000000        0.0000000000000000     
  0.12000000000000063        0.0000000000000000        0.0000000000000000        0.0000000000000000     
  0.14000000000000062        0.0000000000000000        0.0000000000000000        0.0000000000000000     
  0.16000000000000061        0.0000000000000000        0.0000000000000000        0.0000000000000000     
  0.18000000000000060        0.0000000000000000        0.0000000000000000        0.0000000000000000     
  0.20000000000000059        0.0000000000000000        0.0000000000000000        0.0000000000000000     
  0.22000000000000058        4.5554104065741736        4.4250184959334202        4.4486405189508273     
  0.24000000000000057        0.0000000000000000        0.0000000000000000        0.0000000000000000     
  0.26000000000000056        0.0000000000000000        0.0000000000000000        0.0000000000000000     
  0.28000000000000058        5.3892171045665981E-002   5.3619297540176997E-002   5.3892171045665967E-002
  0.30000000000000060        0.0000000000000000        0.0000000000000000        0.0000000000000000     
  0.32000000000000062        0.0000000000000000        0.0000000000000000        0.0000000000000000     
  0.34000000000000064        0.0000000000000000        0.0000000000000000        0.0000000000000000     
  0.36000000000000065        0.0000000000000000        0.0000000000000000        0.0000000000000000     
  0.38000000000000067        0.0000000000000000        0.0000000000000000        0.0000000000000000     
  0.40000000000000069        0.0000000000000000        0.0000000000000000        0.0000000000000000     
  0.42000000000000071        0.0000000000000000        0.0000000000000000        0.0000000000000000     
  0.44000000000000072        0.0000000000000000        0.0000000000000000        0.0000000000000000     
  0.46000000000000074        0.0000000000000000        0.0000000000000000        0.0000000000000000     
  0.48000000000000076        0.0000000000000000        0.0000000000000000        0.0000000000000000     
  0.50000000000000078        0.0000000000000000        0.0000000000000000        0.0000000000000000     
  0.52000000000000079        0.0000000000000000        0.0000000000000000        0.0000000000000000     
  0.54000000000000081        0.0000000000000000        0.0000000000000000        0.0000000000000000     
  0.56000000000000083        0.0000000000000000        0.0000000000000000        0.0000000000000000     
  0.58000000000000085        0.0000000000000000        0.0000000000000000        0.0000000000000000     
  0.60000000000000087        0.0000000000000000        0.0000000000000000        0.0000000000000000     
  0.62000000000000088        0.0000000000000000        0.0000000000000000        0.0000000000000000     
  0.64000000000000090        0.0000000000000000        0.0000000000000000        0.0000000000000000     
  0.66000000000000092        0.0000000000000000        0.0000000000000000        0.0000000000000000     
  0.68000000000000094        0.0000000000000000        0.0000000000000000        0.0000000000000000     
  0.70000000000000095        0.0000000000000000        0.0000000000000000        0.0000000000000000     
  0.72000000000000097        0.0000000000000000        0.0000000000000000        0.0000000000000000     
  0.74000000000000099        0.0000000000000000        0.0000000000000000        0.0000000000000000     
  0.76000000000000101       0.44584295405161378       0.44358550686755938       0.44584295405161378     
  0.78000000000000103        0.0000000000000000        0.0000000000000000        0.0000000000000000     
  0.80000000000000104        0.0000000000000000        0.0000000000000000        0.0000000000000000     
  0.82000000000000106        0.0000000000000000        0.0000000000000000        0.0000000000000000     
  0.84000000000000108        0.0000000000000000        0.0000000000000000        0.0000000000000000     
  0.86000000000000110        0.0000000000000000        0.0000000000000000        0.0000000000000000     
  0.88000000000000111        0.0000000000000000        0.0000000000000000        0.0000000000000000     
  0.90000000000000113        0.0000000000000000        0.0000000000000000        0.0000000000000000     
  0.92000000000000115        9.9127333421961730        9.8625419647923867        9.9127333421961730     
  0.94000000000000117        0.0000000000000000        0.0000000000000000        0.0000000000000000     
  0.96000000000000119        0.0000000000000000        0.0000000000000000        0.0000000000000000     
  0.98000000000000120        9.8671710233983791        8.4558872801730569        8.5138401902990886     
