   0.0000000000000000        589516.22608509520        62633.671498704818        86217.020311793225     
   1.9643940164786821E-003   2380.9866606498922        2368.9309545239789        2380.9866606498922     
   3.9287880329573642E-003   0.0000000000000000        0.0000000000000000        0.0000000000000000     
   5.8931820494360458E-003   0.0000000000000000        0.0000000000000000        0.0000000000000000     
   7.8575760659147283E-003   71.528674179112699        71.166501349784795        71.528674179112699     
   9.8219700823934109E-003   5528.1688898969251        5500.1779814838455        5528.1688898969251     
   1.1786364098872093E-002   5586.4318724702343        3910.9963845594039        3951.0919093658704     
   1.3750758115350776E-002   14375.926681070128        11604.818516137129        11694.415802146093     
   1.5715152131829457E-002   10536.095087808008        7714.3413059117856        7786.6788711019644     
   1.7679546148308137E-002   0.0000000000000000        0.0000000000000000        0.0000000000000000     
   1.9643940164786818E-002   4940.6392292716655        4870.3216987669930        4895.5692475440464     
   2.1608334181265499E-002   1.1004214030752553        1.0948496133338883        1.1004214030752550     
   2.3572728197744180E-002   3133.2042250839932        3117.3397979562192        3133.2042250839932     
   2.5537122214222861E-002   2849.3773007377167        2834.9499811952523        2849.3773007377167     
   2.7501516230701541E-002   0.0000000000000000        0.0000000000000000        0.0000000000000000     
   2.9465910247180222E-002   2378.6452296091074        2366.6013789064136        2378.6452296091079     
   3.1430304263658906E-002   0.0000000000000000        0.0000000000000000        0.0000000000000000     
   3.3394698280137587E-002   0.0000000000000000        0.0000000000000000        0.0000000000000000     
   3.5359092296616268E-002   0.0000000000000000        0.0000000000000000        0.0000000000000000     
   3.7323486313094949E-002   0.0000000000000000        0.0000000000000000        0.0000000000000000     
   3.9287880329573630E-002   0.0000000000000000        0.0000000000000000        0.0000000000000000     
   4.1252274346052310E-002   78.265619506250687        77.869335342158649        78.265619506250687     
   4.3216668362530991E-002   0.0000000000000000        0.0000000000000000        0.0000000000000000     
   4.5181062379009672E-002   0.0000000000000000        0.0000000000000000        0.0000000000000000     
   4.7145456395488353E-002   0.0000000000000000        0.0000000000000000        0.0000000000000000     
   4.9109850411967033E-002   0.0000000000000000        0.0000000000000000        0.0000000000000000     
   5.1074244428445714E-002   0.0000000000000000        0.0000000000000000        0.0000000000000000     
   5.3038638444924395E-002   0.0000000000000000        0.0000000000000000        0.0000000000000000     
   5.5003032461403076E-002   0.0000000000000000        0.0000000000000000        0.0000000000000000     
   5.6967426477881757E-002   0.0000000000000000        0.0000000000000000        0.0000000000000000     
   5.8931820494360437E-002   0.0000000000000000        0.0000000000000000        0.0000000000000000     
   6.0896214510839118E-002   0.0000000000000000        0.0000000000000000        0.0000000000000000     
   6.2860608527317799E-002   0.0000000000000000        0.0000000000000000        0.0000000000000000     
   6.4825002543796487E-002   0.0000000000000000        0.0000000000000000        0.0000000000000000     
   6.6789396560275174E-002   0.0000000000000000        0.0000000000000000        0.0000000000000000     
   6.8753790576753862E-002   0.0000000000000000        0.0000000000000000        0.0000000000000000     
   7.0718184593232550E-002   0.0000000000000000        0.0000000000000000        0.0000000000000000     
   7.2682578609711238E-002   0.0000000000000000        0.0000000000000000        0.0000000000000000     
   7.4646972626189925E-002   0.0000000000000000        0.0000000000000000        0.0000000000000000     
   7.6611366642668613E-002   0.0000000000000000        0.0000000000000000        0.0000000000000000     
   7.8575760659147301E-002   0.0000000000000000        0.0000000000000000        0.0000000000000000     
   8.0540154675625988E-002   0.0000000000000000        0.0000000000000000        0.0000000000000000     
   8.2504548692104676E-002   0.0000000000000000        0.0000000000000000        0.0000000000000000     
   8.4468942708583364E-002   0.0000000000000000        0.0000000000000000        0.0000000000000000     
   8.6433336725062052E-002   0.0000000000000000        0.0000000000000000        0.0000000000000000     
   8.8397730741540739E-002   0.0000000000000000        0.0000000000000000        0.0000000000000000     
   9.0362124758019427E-002   0.0000000000000000        0.0000000000000000        0.0000000000000000     
   9.2326518774498115E-002   0.0000000000000000        0.0000000000000000        0.0000000000000000     
   9.4290912790976802E-002   0.0000000000000000        0.0000000000000000        0.0000000000000000     
   9.6255306807455490E-002   0.0000000000000000        0.0000000000000000        0.0000000000000000     
   9.8219700823934178E-002   0.0000000000000000        0.0000000000000000        0.0000000000000000     
  0.10018409484041287        0.0000000000000000        0.0000000000000000        0.0000000000000000     
  0.10214848885689155        0.0000000000000000        0.0000000000000000        0.0000000000000000     
  0.10411288287337024        1431.3521165337156        1424.1047174765010        1431.3521165337156     
  0.10607727688984893        0.0000000000000000        0.0000000000000000        0.0000000000000000     
  0.10804167090632762        0.0000000000000000        0.0000000000000000        0.0000000000000000     
  0.11000606492280630        0.0000000000000000        0.0000000000000000        0.0000000000000000     
  0.11197045893928499        0.0000000000000000        0.0000000000000000        0.0000000000000000     
  0.11393485295576368        0.0000000000000000        0.0000000000000000        0.0000000000000000     
  0.11589924697224237        0.0000000000000000        0.0000000000000000        0.0000000000000000     
  0.11786364098872106        0.0000000000000000        0.0000000000000000        0.0000000000000000     
  0.11982803500519974        45.383908185951597        45.154114769223284        45.383908185951597     
  0.12179242902167843        0.0000000000000000        0.0000000000000000        0.0000000000000000     
  0.12375682303815712        0.0000000000000000        0.0000000000000000        0.0000000000000000     
  0.12572121705463579        0.0000000000000000        0.0000000000000000        0.0000000000000000     
  0.12768561107111448        0.0000000000000000        0.0000000000000000        0.0000000000000000     
  0.12965000508759317        0.0000000000000000        0.0000000000000000        0.0000000000000000     
  0.13161439910407186        0.0000000000000000        0.0000000000000000        0.0000000000000000     
  0.13357879312055054        0.0000000000000000        0.0000000000000000        0.0000000000000000     
  0.13554318713702923        0.0000000000000000        0.0000000000000000        0.0000000000000000     
  0.13750758115350792        0.0000000000000000        0.0000000000000000        0.0000000000000000     
  0.13947197516998661        0.0000000000000000        0.0000000000000000        0.0000000000000000     
  0.14143636918646529        100.92408405891463        100.41307275484074        100.92408405891463     
  0.14340076320294398        0.0000000000000000        0.0000000000000000        0.0000000000000000     
  0.14536515721942267        0.0000000000000000        0.0000000000000000        0.0000000000000000     
  0.14732955123590136        0.0000000000000000        0.0000000000000000        0.0000000000000000     
  0.14929394525238004        0.0000000000000000        0.0000000000000000        0.0000000000000000     
  0.15125833926885873        0.0000000000000000        0.0000000000000000        0.0000000000000000     
  0.15322273328533742        27.665663503215359        27.525583294247649        27.665663503215359     
  0.15518712730181611        0.0000000000000000        0.0000000000000000        0.0000000000000000     
  0.15715152131829480       0.54869003462219434       0.54591183938030374       0.54869003462219423     
  0.15911591533477348        0.0000000000000000        0.0000000000000000        0.0000000000000000     
  0.16108030935125217        0.0000000000000000        0.0000000000000000        0.0000000000000000     
  0.16304470336773086        0.0000000000000000        0.0000000000000000        0.0000000000000000     
  0.16500909738420955        85.357980059849154        84.925784978662833        85.357980059849169     
  0.16697349140068823        2.5856709383586294        2.5725788494837349        2.5856709383586294     
  0.16893788541716692        0.0000000000000000        0.0000000000000000        0.0000000000000000     
  0.17090227943364561        0.0000000000000000        0.0000000000000000        0.0000000000000000     
  0.17286667345012430        0.0000000000000000        0.0000000000000000        0.0000000000000000     
  0.17483106746660299        10592.633804317684        9869.7555432510435        9927.0059493793597     
  0.17679546148308167        0.0000000000000000        0.0000000000000000        0.0000000000000000     
  0.17875985549956036        3943.5495368047345        3923.5820690761570        3943.5495368047345     
  0.18072424951603905        0.0000000000000000        0.0000000000000000        0.0000000000000000     
  0.18268864353251774        0.0000000000000000        0.0000000000000000        0.0000000000000000     
  0.18465303754899642        19.629429302576892        15.634142545743613        15.758124214008278     
  0.18661743156547511        23520.705270920866        23401.612327097719        23520.705270920866     
  0.18858182558195380        31264.976644819741        31106.671948412659        31264.976644819741     
  0.19054621959843249        0.0000000000000000        0.0000000000000000        0.0000000000000000     
  0.19251061361491117        0.0000000000000000        0.0000000000000000        0.0000000000000000     
  0.19447500763138986        22980.516006502869        18428.099626437837        18572.270751075735     
