  0.76477943999999998       0.24044201766749906       0.16889067246986419       0.17061073389044504     
   2.2866905255999996        0.0000000000000000        0.0000000000000000        0.0000000000000000     
   3.8086016111999994        0.0000000000000000        0.0000000000000000        0.0000000000000000     
   5.3305126967999996        5.9864343583229028E-002   5.8150814956300763E-002   5.8461240752405594E-002
   6.8524237823999989        0.0000000000000000        0.0000000000000000        0.0000000000000000     
   8.3743348679999983        0.0000000000000000        0.0000000000000000        0.0000000000000000     
   9.8962459535999976        0.0000000000000000        0.0000000000000000        0.0000000000000000     
   11.418157039199997        0.0000000000000000        0.0000000000000000        0.0000000000000000     
   12.940068124799996        0.0000000000000000        0.0000000000000000        0.0000000000000000     
   14.461979210399996        1.9477533653784095E-002   1.9378912596527298E-002   1.9477533653784095E-002
   15.983890295999995        0.0000000000000000        0.0000000000000000        0.0000000000000000     
   17.505801381599994        5.8589881928068641E-003   5.8293222391856058E-003   5.8589881928068641E-003
   19.027712467199994        0.0000000000000000        0.0000000000000000        0.0000000000000000     
   20.549623552799993       0.10102069438140907       0.10050919390800214       0.10102069438140907     
   22.071534638399992        0.0000000000000000        0.0000000000000000        0.0000000000000000     
   23.593445723999992        0.0000000000000000        0.0000000000000000        0.0000000000000000     
   25.115356809599991        0.0000000000000000        0.0000000000000000        0.0000000000000000     
   26.637267895199990        0.0000000000000000        0.0000000000000000        0.0000000000000000     
   28.159178980799989        0.0000000000000000        0.0000000000000000        0.0000000000000000     
   29.681090066399989        0.0000000000000000        0.0000000000000000        0.0000000000000000     
   31.203001151999988        0.0000000000000000        0.0000000000000000        0.0000000000000000     
   32.724912237599987        0.0000000000000000        0.0000000000000000        0.0000000000000000     
   34.246823323199990        0.0000000000000000        0.0000000000000000        0.0000000000000000     
   35.768734408799993        0.0000000000000000        0.0000000000000000        0.0000000000000000     
   37.290645494399996        0.0000000000000000        0.0000000000000000        0.0000000000000000     
   38.812556579999999        7.0821707727320316E-004   7.0463114497964347E-004   7.0821707727320305E-004
   40.334467665600002        0.0000000000000000        0.0000000000000000        0.0000000000000000     
   41.856378751200005        0.0000000000000000        0.0000000000000000        0.0000000000000000     
   43.378289836800008        0.0000000000000000        0.0000000000000000        0.0000000000000000     
   44.900200922400010        0.0000000000000000        0.0000000000000000        0.0000000000000000     
   46.422112008000013        0.0000000000000000        0.0000000000000000        0.0000000000000000     
   47.944023093600016        0.0000000000000000        0.0000000000000000        0.0000000000000000     
   49.465934179200019        0.0000000000000000        0.0000000000000000        0.0000000000000000     
   50.987845264800022        0.0000000000000000        0.0000000000000000        0.0000000000000000     
   52.509756350400025        0.0000000000000000        0.0000000000000000        0.0000000000000000     
   54.031667436000028        0.0000000000000000        0.0000000000000000        0.0000000000000000     
   55.553578521600031        0.0000000000000000        0.0000000000000000        0.0000000000000000     
   57.075489607200034        0.0000000000000000        0.0000000000000000        0.0000000000000000     
   58.597400692800036        0.0000000000000000        0.0000000000000000        0.0000000000000000     
   60.119311778400039        0.0000000000000000        0.0000000000000000        0.0000000000000000     
   61.641222864000042        0.0000000000000000        0.0000000000000000        0.0000000000000000     
   63.163133949600045        5.8594433878520619E-002   5.8282140670693337E-002   5.8578902317554908E-002
   64.685045035200048        0.0000000000000000        0.0000000000000000        0.0000000000000000     
   66.206956120800044        0.0000000000000000        0.0000000000000000        0.0000000000000000     
   67.728867206400039        0.0000000000000000        0.0000000000000000        0.0000000000000000     
   69.250778292000035        0.0000000000000000        0.0000000000000000        0.0000000000000000     
   70.772689377600031        0.0000000000000000        0.0000000000000000        0.0000000000000000     
   72.294600463200027        0.0000000000000000        0.0000000000000000        0.0000000000000000     
   73.816511548800023        0.0000000000000000        0.0000000000000000        0.0000000000000000     
   75.338422634400018        0.0000000000000000        0.0000000000000000        0.0000000000000000     
   76.860333720000014        0.0000000000000000        0.0000000000000000        0.0000000000000000     
   78.382244805600010        0.0000000000000000        0.0000000000000000        0.0000000000000000     
   79.904155891200006        0.0000000000000000        0.0000000000000000        0.0000000000000000     
   81.426066976800001        0.0000000000000000        0.0000000000000000        0.0000000000000000     
   82.947978062399997        0.0000000000000000        0.0000000000000000        0.0000000000000000     
   84.469889147999993        0.0000000000000000        0.0000000000000000        0.0000000000000000     
   85.991800233599989        0.0000000000000000        0.0000000000000000        0.0000000000000000     
   87.513711319199984        0.0000000000000000        0.0000000000000000        0.0000000000000000     
   89.035622404799980        0.0000000000000000        0.0000000000000000        0.0000000000000000     
   90.557533490399976        0.0000000000000000        0.0000000000000000        0.0000000000000000     
   92.079444575999972        0.0000000000000000        0.0000000000000000        0.0000000000000000     
   93.601355661599968        0.0000000000000000        0.0000000000000000        0.0000000000000000     
   95.123266747199963        0.0000000000000000        0.0000000000000000        0.0000000000000000     
   96.645177832799959        0.0000000000000000        0.0000000000000000        0.0000000000000000     
   98.167088918399955        3.3374331575303897E-003   3.3205346532140809E-003   3.3374331575303897E-003
   99.689000003999951        1.6930317822287806E-012   1.6844594143252953E-012   1.6930317822287806E-012
   101.21091108959995        0.0000000000000000        0.0000000000000000        0.0000000000000000     
   102.73282217519994        0.0000000000000000        0.0000000000000000        0.0000000000000000     
   104.25473326079994        0.0000000000000000        0.0000000000000000        0.0000000000000000     
   105.77664434639993        0.0000000000000000        0.0000000000000000        0.0000000000000000     
   107.29855543199993        0.0000000000000000        0.0000000000000000        0.0000000000000000     
   108.82046651759993        0.0000000000000000        0.0000000000000000        0.0000000000000000     
   110.34237760319992        0.0000000000000000        0.0000000000000000        0.0000000000000000     
   111.86428868879992        0.0000000000000000        0.0000000000000000        0.0000000000000000     
   113.38619977439991        0.0000000000000000        0.0000000000000000        0.0000000000000000     
   114.90811085999991        0.0000000000000000        0.0000000000000000        0.0000000000000000     
   116.43002194559990        0.0000000000000000        0.0000000000000000        0.0000000000000000     
   117.95193303119990        0.0000000000000000        0.0000000000000000        0.0000000000000000     
   119.47384411679990        0.0000000000000000        0.0000000000000000        0.0000000000000000     
   120.99575520239989        0.0000000000000000        0.0000000000000000        0.0000000000000000     
   122.51766628799989        0.0000000000000000        0.0000000000000000        0.0000000000000000     
   124.03957737359988        0.0000000000000000        0.0000000000000000        0.0000000000000000     
   125.56148845919988        0.0000000000000000        0.0000000000000000        0.0000000000000000     
   127.08339954479987        0.0000000000000000        0.0000000000000000        0.0000000000000000     
   128.60531063039988        0.0000000000000000        0.0000000000000000        0.0000000000000000     
   130.12722171599989        0.0000000000000000        0.0000000000000000        0.0000000000000000     
   131.64913280159990        0.0000000000000000        0.0000000000000000        0.0000000000000000     
   133.17104388719991        0.0000000000000000        0.0000000000000000        0.0000000000000000     
   134.69295497279992        0.0000000000000000        0.0000000000000000        0.0000000000000000     
   136.21486605839993        0.0000000000000000        0.0000000000000000        0.0000000000000000     
   137.73677714399994        0.0000000000000000        0.0000000000000000        0.0000000000000000     
   139.25868822959995        0.0000000000000000        0.0000000000000000        0.0000000000000000     
   140.78059931519996        0.0000000000000000        0.0000000000000000        0.0000000000000000     
   142.30251040079997        0.0000000000000000        0.0000000000000000        0.0000000000000000     
   143.82442148639998        0.0000000000000000        0.0000000000000000        0.0000000000000000     
   145.34633257199999        0.0000000000000000        0.0000000000000000        0.0000000000000000     
   146.86824365760000        0.0000000000000000        0.0000000000000000        0.0000000000000000     
   148.39015474320001        0.0000000000000000        0.0000000000000000        0.0000000000000000     
   149.91206582880002        0.0000000000000000        0.0000000000000000        0.0000000000000000     
   151.43397691440003        0.0000000000000000        0.0000000000000000        0.0000000000000000     
