   0.0000000000000000        0.0000000000000000        0.0000000000000000        0.0000000000000000     
   1.8000000000000000        0.0000000000000000        0.0000000000000000        0.0000000000000000     
   3.6000000000000001        0.0000000000000000        0.0000000000000000        0.0000000000000000     
   5.4000000000000004        0.0000000000000000        0.0000000000000000        0.0000000000000000     
   7.2000000000000002        0.0000000000000000        0.0000000000000000        0.0000000000000000     
   9.0000000000000000        0.0000000000000000        0.0000000000000000        0.0000000000000000     
   10.800000000000001        0.0000000000000000        0.0000000000000000        0.0000000000000000     
   12.600000000000001        0.0000000000000000        0.0000000000000000        0.0000000000000000     
   14.400000000000002        0.0000000000000000        0.0000000000000000        0.0000000000000000     
   16.200000000000003        0.0000000000000000        0.0000000000000000        0.0000000000000000     
   18.000000000000004        0.0000000000000000        0.0000000000000000        0.0000000000000000     
   19.800000000000004        0.0000000000000000        0.0000000000000000        0.0000000000000000     
   21.600000000000005        0.0000000000000000        0.0000000000000000        0.0000000000000000     
   23.400000000000006        0.0000000000000000        0.0000000000000000        0.0000000000000000     
   25.200000000000006        0.0000000000000000        0.0000000000000000        0.0000000000000000     
   27.000000000000007        0.0000000000000000        0.0000000000000000        0.0000000000000000     
   28.800000000000008        0.0000000000000000        0.0000000000000000        0.0000000000000000     
   30.600000000000009        0.0000000000000000        0.0000000000000000        0.0000000000000000     
   32.400000000000006        0.0000000000000000        0.0000000000000000        0.0000000000000000     
   34.200000000000003        0.0000000000000000        0.0000000000000000        0.0000000000000000     
   36.000000000000000        0.0000000000000000        0.0000000000000000        0.0000000000000000     
   37.799999999999997        0.0000000000000000        0.0000000000000000        0.0000000000000000     
   39.599999999999994        0.0000000000000000        0.0000000000000000        0.0000000000000000     
   41.399999999999991        0.0000000000000000        0.0000000000000000        0.0000000000000000     
   43.199999999999989        0.0000000000000000        0.0000000000000000        0.0000000000000000     
   44.999999999999986        0.0000000000000000        0.0000000000000000        0.0000000000000000     
   46.799999999999983        0.0000000000000000        0.0000000000000000        0.0000000000000000     
   48.599999999999980        0.0000000000000000        0.0000000000000000        0.0000000000000000     
   50.399999999999977        0.0000000000000000        0.0000000000000000        0.0000000000000000     
   52.199999999999974        0.0000000000000000        0.0000000000000000        0.0000000000000000     
   53.999999999999972        2.8218202888302840E-003   2.8075324993585898E-003   2.8218202888302840E-003
   55.799999999999969        0.0000000000000000        0.0000000000000000        0.0000000000000000     
   57.599999999999966        0.0000000000000000        0.0000000000000000        0.0000000000000000     
   59.399999999999963        0.0000000000000000        0.0000000000000000        0.0000000000000000     
   61.199999999999960        0.0000000000000000        0.0000000000000000        0.0000000000000000     
   62.999999999999957        0.0000000000000000        0.0000000000000000        0.0000000000000000     
   64.799999999999955        0.0000000000000000        0.0000000000000000        0.0000000000000000     
   66.599999999999952        4.9528820936056220E-002   4.9278040484474393E-002   4.9528820936056220E-002
   68.399999999999949        0.0000000000000000        0.0000000000000000        0.0000000000000000     
   70.199999999999946        1.4314687986928368E-012   1.4242208088360835E-012   1.4314687986928368E-012
   71.999999999999943        0.0000000000000000        0.0000000000000000        0.0000000000000000     
   73.799999999999940        8.5413619252264483E-002   8.4981142451838021E-002   8.5413619252264483E-002
   75.599999999999937        0.0000000000000000        0.0000000000000000        0.0000000000000000     
   77.399999999999935        0.0000000000000000        0.0000000000000000        0.0000000000000000     
   79.199999999999932        0.0000000000000000        0.0000000000000000        0.0000000000000000     
   80.999999999999929        0.0000000000000000        0.0000000000000000        0.0000000000000000     
   82.799999999999926        0.0000000000000000        0.0000000000000000        0.0000000000000000     
   84.599999999999923        0.0000000000000000        0.0000000000000000        0.0000000000000000     
   86.399999999999920        0.0000000000000000        0.0000000000000000        0.0000000000000000     
   88.199999999999918        0.0000000000000000        0.0000000000000000        0.0000000000000000     
   89.999999999999915        226.10200785707104        53.883316376336055        58.479028835822859     
   91.799999999999912        0.0000000000000000        0.0000000000000000        0.0000000000000000     
   93.599999999999909        9.0387260342388587E-003   8.9929600387285424E-003   9.0387260342388587E-003
   95.399999999999906        0.0000000000000000        0.0000000000000000        0.0000000000000000     
   97.199999999999903        1.3133771819738930E-005   1.3067271281957524E-005   1.3133771819738930E-005
   98.999999999999901        0.0000000000000000        0.0000000000000000        0.0000000000000000     
   100.79999999999990       0.31911336062767887       0.28874126163866626       0.29051701454071366     
   102.59999999999989        0.0000000000000000        0.0000000000000000        0.0000000000000000     
   104.39999999999989        1.2009228998922819E-003   1.1948422385428272E-003   1.2009228998922817E-003
   106.19999999999989        0.0000000000000000        0.0000000000000000        0.0000000000000000     
   107.99999999999989        4.9414748284265210E-002   4.9164545419441728E-002   4.9414748284265210E-002
   109.79999999999988        5.9880190050739981E-004   5.9576997266863336E-004   5.9880190050739970E-004
   111.59999999999988        0.0000000000000000        0.0000000000000000        0.0000000000000000     
   113.39999999999988        0.0000000000000000        0.0000000000000000        0.0000000000000000     
   115.19999999999987        0.0000000000000000        0.0000000000000000        0.0000000000000000     
   116.99999999999987        0.0000000000000000        0.0000000000000000        0.0000000000000000     
   118.79999999999987        0.0000000000000000        0.0000000000000000        0.0000000000000000     
   120.59999999999987        0.0000000000000000        0.0000000000000000        0.0000000000000000     
   122.39999999999986        0.0000000000000000        0.0000000000000000        0.0000000000000000     
   124.19999999999986        0.0000000000000000        0.0000000000000000        0.0000000000000000     
   125.99999999999986        0.0000000000000000        0.0000000000000000        0.0000000000000000     
   127.79999999999986        0.0000000000000000        0.0000000000000000        0.0000000000000000     
   129.59999999999985        0.0000000000000000        0.0000000000000000        0.0000000000000000     
   131.39999999999986        1.6555011262889208E-002   1.6471187882441500E-002   1.6555011262889212E-002
   133.19999999999987        0.0000000000000000        0.0000000000000000        0.0000000000000000     
   134.99999999999989        0.0000000000000000        0.0000000000000000        0.0000000000000000     
   136.79999999999990        4.9538106005734862E-003   4.9287278540839936E-003   4.9538106005734862E-003
   138.59999999999991        0.0000000000000000        0.0000000000000000        0.0000000000000000     
   140.39999999999992        1.6468374659911713E-002   1.6384989948626874E-002   1.6468374659911713E-002
   142.19999999999993        0.0000000000000000        0.0000000000000000        0.0000000000000000     
   143.99999999999994        7.8061388646723448E-002   7.7666138569577395E-002   7.8061388646723448E-002
   145.79999999999995        5.0623698459449390E-002   5.0367374288583434E-002   5.0623698459449390E-002
   147.59999999999997        0.0000000000000000        0.0000000000000000        0.0000000000000000     
   149.39999999999998        0.0000000000000000        0.0000000000000000        0.0000000000000000     
   151.19999999999999        0.0000000000000000        0.0000000000000000        0.0000000000000000     
   153.00000000000000        0.0000000000000000        0.0000000000000000        0.0000000000000000     
   154.80000000000001        0.0000000000000000        0.0000000000000000        0.0000000000000000     
   156.60000000000002        6.9599187712997592        6.9246784498171872        6.9599187712997592     
   158.40000000000003       0.23581823041945707       0.23462420639065637       0.23581823041945710     
   160.20000000000005        0.0000000000000000        0.0000000000000000        0.0000000000000000     
   162.00000000000006        0.0000000000000000        0.0000000000000000        0.0000000000000000     
   163.80000000000007        1.2380490269727460        1.1419196074613527        1.1486787490955697     
   165.60000000000008       0.52017610380473123       0.42133878763259736       0.42456982628024925     
   167.40000000000009        3.4611807062588578        3.0015565477548138        3.0216468202209534     
   169.20000000000010        3.0192368804238284E-002   3.0039495068503140E-002   3.0192368804238284E-002
   171.00000000000011        25.858459652153254        11.277492460716228        11.573071198474771     
   172.80000000000013        50.984999107054527        21.655252549016673        22.253252280104121     
   174.60000000000014        44.437924233582166        15.028566164393164        15.678155492478277     
   176.40000000000015        47.633614027351150        27.002300375031037        27.423402877742650     
   178.20000000000016        158.86095250554371        52.342358050901836        54.723300709853170     
