  0.10616937042800000        3229.7480700007945        2953.9040661764434        2971.6856532999946     
  0.10920016425805058        11664.959610598295        11605.888304557391        11664.951810403792     
  0.11223095808810117        0.0000000000000000        0.0000000000000000        0.0000000000000000     
  0.11526175191815176        15244.828678031310        15167.639176082537        15244.828678031310     
  0.11829254574820235        0.0000000000000000        0.0000000000000000        0.0000000000000000     
  0.12132333957825293        0.0000000000000000        0.0000000000000000        0.0000000000000000     
  0.12435413340830352        0.0000000000000000        0.0000000000000000        0.0000000000000000     
  0.12738492723835410        0.0000000000000000        0.0000000000000000        0.0000000000000000     
  0.13041572106840468        0.0000000000000000        0.0000000000000000        0.0000000000000000     
  0.13344651489845527        0.0000000000000000        0.0000000000000000        0.0000000000000000     
  0.13647730872850586        9.7806304387739580        9.7311079411284478        9.7806304387739580     
  0.13950810255855645        20264.239829670143        20161.635424408651        20264.239829670143     
  0.14253889638860703        0.0000000000000000        0.0000000000000000        0.0000000000000000     
  0.14556969021865762        2.9420869848093369        2.9271902461287209        2.9420869848093369     
  0.14860048404870821        0.0000000000000000        0.0000000000000000        0.0000000000000000     
  0.15163127787875880        0.0000000000000000        0.0000000000000000        0.0000000000000000     
  0.15466207170880938        0.0000000000000000        0.0000000000000000        0.0000000000000000     
  0.15769286553885997        6418.5960173862995        6386.0965882187938        6418.5960173862995     
  0.16072365936891056        0.0000000000000000        0.0000000000000000        0.0000000000000000     
  0.16375445319896115        2555.9921090565231        2543.0502937006454        2555.9921090565231     
  0.16678524702901174        0.0000000000000000        0.0000000000000000        0.0000000000000000     
  0.16981604085906232        1.6758898178863364        1.6674042452967219        1.6758898178863364     
  0.17284683468911291        0.0000000000000000        0.0000000000000000        0.0000000000000000     
  0.17587762851916350        0.0000000000000000        0.0000000000000000        0.0000000000000000     
  0.17890842234921409        446.96714221805047        444.70400290543904        446.96714221805036     
  0.18193921617926467        55.324352196360259        55.044227094145789        55.324352196360266     
  0.18497001000931526        0.0000000000000000        0.0000000000000000        0.0000000000000000     
  0.18800080383936585        0.0000000000000000        0.0000000000000000        0.0000000000000000     
  0.19103159766941644        0.0000000000000000        0.0000000000000000        0.0000000000000000     
  0.19406239149946702        0.0000000000000000        0.0000000000000000        0.0000000000000000     
  0.19709318532951761        0.0000000000000000        0.0000000000000000        0.0000000000000000     
  0.20012397915956820        0.0000000000000000        0.0000000000000000        0.0000000000000000     
  0.20315477298961879        0.0000000000000000        0.0000000000000000        0.0000000000000000     
  0.20618556681966937        0.0000000000000000        0.0000000000000000        0.0000000000000000     
  0.20921636064971996        0.0000000000000000        0.0000000000000000        0.0000000000000000     
  0.21224715447977055        0.0000000000000000        0.0000000000000000        0.0000000000000000     
  0.21527794830982114        0.0000000000000000        0.0000000000000000        0.0000000000000000     
  0.21830874213987173        17.931362835960968        17.840570542009829        17.931362835960968     
  0.22133953596992231       0.35563072955553993       0.35383005606344414       0.35563072955553987     
  0.22437032979997290        0.0000000000000000        0.0000000000000000        0.0000000000000000     
  0.22740112363002349        0.0000000000000000        0.0000000000000000        0.0000000000000000     
  0.23043191746007408        0.0000000000000000        0.0000000000000000        0.0000000000000000     
  0.23346271129012466        0.0000000000000000        0.0000000000000000        0.0000000000000000     
  0.23649350512017525        0.0000000000000000        0.0000000000000000        0.0000000000000000     
  0.23952429895022584        65.413445440666734        65.082235993780998        65.413445440666734     
  0.24255509278027643        0.0000000000000000        0.0000000000000000        0.0000000000000000     
  0.24558588661032701        0.0000000000000000        0.0000000000000000        0.0000000000000000     
  0.24861668044037760        0.0000000000000000        0.0000000000000000        0.0000000000000000     
  0.25164747427042822        0.0000000000000000        0.0000000000000000        0.0000000000000000     
  0.25467826810047878        0.0000000000000000        0.0000000000000000        0.0000000000000000     
  0.25770906193052934        0.0000000000000000        0.0000000000000000        0.0000000000000000     
  0.26073985576057990        0.0000000000000000        0.0000000000000000        0.0000000000000000     
  0.26377064959063046        29.415355409844274        29.266415944423837        29.415355409844274     
  0.26680144342068102        0.0000000000000000        0.0000000000000000        0.0000000000000000     
  0.26983223725073158        0.0000000000000000        0.0000000000000000        0.0000000000000000     
  0.27286303108078214        0.0000000000000000        0.0000000000000000        0.0000000000000000     
  0.27589382491083270        0.0000000000000000        0.0000000000000000        0.0000000000000000     
  0.27892461874088326        927.72378817532342        923.02642235589121        927.72378817532342     
  0.28195541257093382        0.0000000000000000        0.0000000000000000        0.0000000000000000     
  0.28498620640098438        0.0000000000000000        0.0000000000000000        0.0000000000000000     
  0.28801700023103494        0.0000000000000000        0.0000000000000000        0.0000000000000000     
  0.29104779406108550        0.0000000000000000        0.0000000000000000        0.0000000000000000     
  0.29407858789113606        0.0000000000000000        0.0000000000000000        0.0000000000000000     
  0.29710938172118662        0.0000000000000000        0.0000000000000000        0.0000000000000000     
  0.30014017555123718        0.0000000000000000        0.0000000000000000        0.0000000000000000     
  0.30317096938128774        0.0000000000000000        0.0000000000000000        0.0000000000000000     
  0.30620176321133830        0.0000000000000000        0.0000000000000000        0.0000000000000000     
  0.30923255704138886        0.0000000000000000        0.0000000000000000        0.0000000000000000     
  0.31226335087143942        0.0000000000000000        0.0000000000000000        0.0000000000000000     
  0.31529414470148998        0.0000000000000000        0.0000000000000000        0.0000000000000000     
  0.31832493853154054        0.0000000000000000        0.0000000000000000        0.0000000000000000     
  0.32135573236159110        0.0000000000000000        0.0000000000000000        0.0000000000000000     
  0.32438652619164166        0.0000000000000000        0.0000000000000000        0.0000000000000000     
  0.32741732002169222        0.0000000000000000        0.0000000000000000        0.0000000000000000     
  0.33044811385174278        0.0000000000000000        0.0000000000000000        0.0000000000000000     
  0.33347890768179334        0.0000000000000000        0.0000000000000000        0.0000000000000000     
  0.33650970151184390        0.0000000000000000        0.0000000000000000        0.0000000000000000     
  0.33954049534189445        0.0000000000000000        0.0000000000000000        0.0000000000000000     
  0.34257128917194501        0.0000000000000000        0.0000000000000000        0.0000000000000000     
  0.34560208300199557        0.0000000000000000        0.0000000000000000        0.0000000000000000     
  0.34863287683204613        0.0000000000000000        0.0000000000000000        0.0000000000000000     
  0.35166367066209669        0.0000000000000000        0.0000000000000000        0.0000000000000000     
  0.35469446449214725        0.0000000000000000        0.0000000000000000        0.0000000000000000     
  0.35772525832219781        0.0000000000000000        0.0000000000000000        0.0000000000000000     
  0.36075605215224837        0.0000000000000000        0.0000000000000000        0.0000000000000000     
  0.36378684598229893        0.0000000000000000        0.0000000000000000        0.0000000000000000     
  0.36681763981234949        0.0000000000000000        0.0000000000000000        0.0000000000000000     
  0.36984843364240005        1592.4346034923831        1534.2162573682363        1542.5414582098692     
  0.37287922747245061        0.0000000000000000        0.0000000000000000        0.0000000000000000     
  0.37591002130250117        1846.8097911384239        1837.4587954019141        1846.8097911384239     
  0.37894081513255173        0.0000000000000000        0.0000000000000000        0.0000000000000000     
  0.38197160896260229        0.0000000000000000        0.0000000000000000        0.0000000000000000     
  0.38500240279265285        2030.7708070192259        2020.4883571159473        2030.7708070192259     
  0.38803319662270341        0.0000000000000000        0.0000000000000000        0.0000000000000000     
  0.39106399045275397        7385.0622914819105        7347.6693307488304        7385.0622914819114     
  0.39409478428280453        29.347607227441383        29.199010792996763        29.347607227441383     
  0.39712557811285509        6043.8246466035334        3440.8916321290712        3494.0954574918064     
  0.40015637194290565        4593.0389193644814        4430.4913356551824        4454.4746547951736     
  0.40318716577295621        7776.4158149612431        7566.4879261785454        7606.7453167598496     
  0.40621795960300677        52644.753832929891        22190.949087607361        22812.997807071442     
