   0.0000000000000000        0.0000000000000000        0.0000000000000000        0.0000000000000000     
   3.0307938300505877E-003   0.0000000000000000        0.0000000000000000        0.0000000000000000     
   6.0615876601011753E-003   0.0000000000000000        0.0000000000000000        0.0000000000000000     
   9.0923814901517630E-003   0.0000000000000000        0.0000000000000000        0.0000000000000000     
   1.2123175320202351E-002   0.0000000000000000        0.0000000000000000        0.0000000000000000     
   1.5153969150252938E-002   0.0000000000000000        0.0000000000000000        0.0000000000000000     
   1.8184762980303526E-002   0.0000000000000000        0.0000000000000000        0.0000000000000000     
   2.1215556810354114E-002   0.0000000000000000        0.0000000000000000        0.0000000000000000     
   2.4246350640404701E-002   0.0000000000000000        0.0000000000000000        0.0000000000000000     
   2.7277144470455289E-002   0.0000000000000000        0.0000000000000000        0.0000000000000000     
   3.0307938300505877E-002   0.0000000000000000        0.0000000000000000        0.0000000000000000     
   3.3338732130556464E-002   0.0000000000000000        0.0000000000000000        0.0000000000000000     
   3.6369525960607052E-002   0.0000000000000000        0.0000000000000000        0.0000000000000000     
   3.9400319790657640E-002   0.0000000000000000        0.0000000000000000        0.0000000000000000     
   4.2431113620708227E-002   0.0000000000000000        0.0000000000000000        0.0000000000000000     
   4.5461907450758815E-002   0.0000000000000000        0.0000000000000000        0.0000000000000000     
   4.8492701280809403E-002   0.0000000000000000        0.0000000000000000        0.0000000000000000     
   5.1523495110859990E-002   0.0000000000000000        0.0000000000000000        0.0000000000000000     
   5.4554288940910578E-002   0.0000000000000000        0.0000000000000000        0.0000000000000000     
   5.7585082770961166E-002   0.0000000000000000        0.0000000000000000        0.0000000000000000     
   6.0615876601011753E-002   0.0000000000000000        0.0000000000000000        0.0000000000000000     
   6.3646670431062341E-002   0.0000000000000000        0.0000000000000000        0.0000000000000000     
   6.6677464261112929E-002   0.0000000000000000        0.0000000000000000        0.0000000000000000     
   6.9708258091163516E-002   0.0000000000000000        0.0000000000000000        0.0000000000000000     
   7.2739051921214104E-002   0.0000000000000000        0.0000000000000000        0.0000000000000000     
   7.5769845751264692E-002   0.0000000000000000        0.0000000000000000        0.0000000000000000     
   7.8800639581315279E-002   0.0000000000000000        0.0000000000000000        0.0000000000000000     
   8.1831433411365867E-002   0.0000000000000000        0.0000000000000000        0.0000000000000000     
   8.4862227241416455E-002   0.0000000000000000        0.0000000000000000        0.0000000000000000     
   8.7893021071467042E-002   0.0000000000000000        0.0000000000000000        0.0000000000000000     
   9.0923814901517630E-002   0.0000000000000000        0.0000000000000000        0.0000000000000000     
   9.3954608731568218E-002   0.0000000000000000        0.0000000000000000        0.0000000000000000     
   9.6985402561618805E-002   0.0000000000000000        0.0000000000000000        0.0000000000000000     
  0.10001619639166939        0.0000000000000000        0.0000000000000000        0.0000000000000000     
  0.10304699022171998        0.0000000000000000        0.0000000000000000        0.0000000000000000     
  0.10607778405177057        0.0000000000000000        0.0000000000000000        0.0000000000000000     
  0.10910857788182116        0.0000000000000000        0.0000000000000000        0.0000000000000000     
  0.11213937171187174        0.0000000000000000        0.0000000000000000        0.0000000000000000     
  0.11517016554192233        0.0000000000000000        0.0000000000000000        0.0000000000000000     
  0.11820095937197292        0.0000000000000000        0.0000000000000000        0.0000000000000000     
  0.12123175320202351        0.0000000000000000        0.0000000000000000        0.0000000000000000     
  0.12426254703207409        0.0000000000000000        0.0000000000000000        0.0000000000000000     
  0.12729334086212468        0.0000000000000000        0.0000000000000000        0.0000000000000000     
  0.13032413469217527        0.0000000000000000        0.0000000000000000        0.0000000000000000     
  0.13335492852222586        0.0000000000000000        0.0000000000000000        0.0000000000000000     
  0.13638572235227645        0.0000000000000000        0.0000000000000000        0.0000000000000000     
  0.13941651618232703        0.0000000000000000        0.0000000000000000        0.0000000000000000     
  0.14244731001237762        0.0000000000000000        0.0000000000000000        0.0000000000000000     
  0.14547810384242821        0.0000000000000000        0.0000000000000000        0.0000000000000000     
  0.14850889767247880        0.0000000000000000        0.0000000000000000        0.0000000000000000     
  0.15153969150252938        0.0000000000000000        0.0000000000000000        0.0000000000000000     
  0.15457048533257997        0.0000000000000000        0.0000000000000000        0.0000000000000000     
  0.15760127916263056        0.0000000000000000        0.0000000000000000        0.0000000000000000     
  0.16063207299268115        0.0000000000000000        0.0000000000000000        0.0000000000000000     
  0.16366286682273173        0.0000000000000000        0.0000000000000000        0.0000000000000000     
  0.16669366065278232        0.0000000000000000        0.0000000000000000        0.0000000000000000     
  0.16972445448283291        0.0000000000000000        0.0000000000000000        0.0000000000000000     
  0.17275524831288350        0.0000000000000000        0.0000000000000000        0.0000000000000000     
  0.17578604214293408        0.0000000000000000        0.0000000000000000        0.0000000000000000     
  0.17881683597298467        0.0000000000000000        0.0000000000000000        0.0000000000000000     
  0.18184762980303526        0.0000000000000000        0.0000000000000000        0.0000000000000000     
  0.18487842363308585        0.0000000000000000        0.0000000000000000        0.0000000000000000     
  0.18790921746313644        0.0000000000000000        0.0000000000000000        0.0000000000000000     
  0.19094001129318702        0.0000000000000000        0.0000000000000000        0.0000000000000000     
  0.19397080512323761        0.0000000000000000        0.0000000000000000        0.0000000000000000     
  0.19700159895328820        0.0000000000000000        0.0000000000000000        0.0000000000000000     
  0.20003239278333879        0.0000000000000000        0.0000000000000000        0.0000000000000000     
  0.20306318661338937        0.0000000000000000        0.0000000000000000        0.0000000000000000     
  0.20609398044343996        0.0000000000000000        0.0000000000000000        0.0000000000000000     
  0.20912477427349055        0.0000000000000000        0.0000000000000000        0.0000000000000000     
  0.21215556810354114        0.0000000000000000        0.0000000000000000        0.0000000000000000     
  0.21518636193359172        0.0000000000000000        0.0000000000000000        0.0000000000000000     
  0.21821715576364231        0.0000000000000000        0.0000000000000000        0.0000000000000000     
  0.22124794959369290        0.0000000000000000        0.0000000000000000        0.0000000000000000     
  0.22427874342374349        0.0000000000000000        0.0000000000000000        0.0000000000000000     
  0.22730953725379408        0.0000000000000000        0.0000000000000000        0.0000000000000000     
  0.23034033108384466        0.0000000000000000        0.0000000000000000        0.0000000000000000     
  0.23337112491389525        0.0000000000000000        0.0000000000000000        0.0000000000000000     
  0.23640191874394584        0.0000000000000000        0.0000000000000000        0.0000000000000000     
  0.23943271257399643        0.0000000000000000        0.0000000000000000        0.0000000000000000     
  0.24246350640404701        0.0000000000000000        0.0000000000000000        0.0000000000000000     
  0.24549430023409760        0.0000000000000000        0.0000000000000000        0.0000000000000000     
  0.24852509406414819        0.0000000000000000        0.0000000000000000        0.0000000000000000     
  0.25155588789419880        0.0000000000000000        0.0000000000000000        0.0000000000000000     
  0.25458668172424936        0.0000000000000000        0.0000000000000000        0.0000000000000000     
  0.25761747555429992        0.0000000000000000        0.0000000000000000        0.0000000000000000     
  0.26064826938435048        0.0000000000000000        0.0000000000000000        0.0000000000000000     
  0.26367906321440104        0.0000000000000000        0.0000000000000000        0.0000000000000000     
  0.26670985704445160        0.0000000000000000        0.0000000000000000        0.0000000000000000     
  0.26974065087450216        0.0000000000000000        0.0000000000000000        0.0000000000000000     
  0.27277144470455272        0.0000000000000000        0.0000000000000000        0.0000000000000000     
  0.27580223853460328        0.0000000000000000        0.0000000000000000        0.0000000000000000     
  0.27883303236465384        0.0000000000000000        0.0000000000000000        0.0000000000000000     
  0.28186382619470440        0.0000000000000000        0.0000000000000000        0.0000000000000000     
  0.28489462002475496        0.0000000000000000        0.0000000000000000        0.0000000000000000     
  0.28792541385480552        0.0000000000000000        0.0000000000000000        0.0000000000000000     
  0.29095620768485608        0.0000000000000000        0.0000000000000000        0.0000000000000000     
  0.29398700151490664        0.0000000000000000        0.0000000000000000        0.0000000000000000     
  0.29701779534495720        0.0000000000000000        0.0000000000000000        0.0000000000000000     
  0.30004858917500776        0.0000000000000000        0.0000000000000000        0.0000000000000000     
