  0.10565837150000000        0.0000000000000000        0.0000000000000000        0.0000000000000000     
  0.10678442085395889        0.0000000000000000        0.0000000000000000        0.0000000000000000     
  0.10791047020791779        0.0000000000000000        0.0000000000000000        0.0000000000000000     
  0.10903651956187668        0.0000000000000000        0.0000000000000000        0.0000000000000000     
  0.11016256891583558        0.0000000000000000        0.0000000000000000        0.0000000000000000     
  0.11128861826979447        0.0000000000000000        0.0000000000000000        0.0000000000000000     
  0.11241466762375336        0.0000000000000000        0.0000000000000000        0.0000000000000000     
  0.11354071697771226        0.0000000000000000        0.0000000000000000        0.0000000000000000     
  0.11466676633167115        0.0000000000000000        0.0000000000000000        0.0000000000000000     
  0.11579281568563005        0.0000000000000000        0.0000000000000000        0.0000000000000000     
  0.11691886503958894        0.0000000000000000        0.0000000000000000        0.0000000000000000     
  0.11804491439354783        0.0000000000000000        0.0000000000000000        0.0000000000000000     
  0.11917096374750673        0.0000000000000000        0.0000000000000000        0.0000000000000000     
  0.12029701310146562        0.0000000000000000        0.0000000000000000        0.0000000000000000     
  0.12142306245542452        0.0000000000000000        0.0000000000000000        0.0000000000000000     
  0.12254911180938341        0.0000000000000000        0.0000000000000000        0.0000000000000000     
  0.12367516116334230        0.0000000000000000        0.0000000000000000        0.0000000000000000     
  0.12480121051730120        0.0000000000000000        0.0000000000000000        0.0000000000000000     
  0.12592725987126011        0.0000000000000000        0.0000000000000000        0.0000000000000000     
  0.12705330922521901        0.0000000000000000        0.0000000000000000        0.0000000000000000     
  0.12817935857917792        0.0000000000000000        0.0000000000000000        0.0000000000000000     
  0.12930540793313683        0.0000000000000000        0.0000000000000000        0.0000000000000000     
  0.13043145728709574        0.0000000000000000        0.0000000000000000        0.0000000000000000     
  0.13155750664105464        0.0000000000000000        0.0000000000000000        0.0000000000000000     
  0.13268355599501355        0.0000000000000000        0.0000000000000000        0.0000000000000000     
  0.13380960534897246        0.0000000000000000        0.0000000000000000        0.0000000000000000     
  0.13493565470293137        0.0000000000000000        0.0000000000000000        0.0000000000000000     
  0.13606170405689028        0.0000000000000000        0.0000000000000000        0.0000000000000000     
  0.13718775341084918        0.0000000000000000        0.0000000000000000        0.0000000000000000     
  0.13831380276480809        0.0000000000000000        0.0000000000000000        0.0000000000000000     
  0.13943985211876700        0.0000000000000000        0.0000000000000000        0.0000000000000000     
  0.14056590147272591        0.0000000000000000        0.0000000000000000        0.0000000000000000     
  0.14169195082668481        0.0000000000000000        0.0000000000000000        0.0000000000000000     
  0.14281800018064372        0.0000000000000000        0.0000000000000000        0.0000000000000000     
  0.14394404953460263        0.0000000000000000        0.0000000000000000        0.0000000000000000     
  0.14507009888856154        0.0000000000000000        0.0000000000000000        0.0000000000000000     
  0.14619614824252045        0.0000000000000000        0.0000000000000000        0.0000000000000000     
  0.14732219759647935        0.0000000000000000        0.0000000000000000        0.0000000000000000     
  0.14844824695043826        0.0000000000000000        0.0000000000000000        0.0000000000000000     
  0.14957429630439717        0.0000000000000000        0.0000000000000000        0.0000000000000000     
  0.15070034565835608        0.0000000000000000        0.0000000000000000        0.0000000000000000     
  0.15182639501231499        0.0000000000000000        0.0000000000000000        0.0000000000000000     
  0.15295244436627389        0.0000000000000000        0.0000000000000000        0.0000000000000000     
  0.15407849372023280        0.0000000000000000        0.0000000000000000        0.0000000000000000     
  0.15520454307419171        0.0000000000000000        0.0000000000000000        0.0000000000000000     
  0.15633059242815062        0.0000000000000000        0.0000000000000000        0.0000000000000000     
  0.15745664178210952        0.0000000000000000        0.0000000000000000        0.0000000000000000     
  0.15858269113606843        0.0000000000000000        0.0000000000000000        0.0000000000000000     
  0.15970874049002734        0.0000000000000000        0.0000000000000000        0.0000000000000000     
  0.16083478984398625        0.0000000000000000        0.0000000000000000        0.0000000000000000     
  0.16196083919794516        0.0000000000000000        0.0000000000000000        0.0000000000000000     
  0.16308688855190406        0.0000000000000000        0.0000000000000000        0.0000000000000000     
  0.16421293790586297        0.0000000000000000        0.0000000000000000        0.0000000000000000     
  0.16533898725982188        0.0000000000000000        0.0000000000000000        0.0000000000000000     
  0.16646503661378079        0.0000000000000000        0.0000000000000000        0.0000000000000000     
  0.16759108596773969        0.0000000000000000        0.0000000000000000        0.0000000000000000     
  0.16871713532169860        0.0000000000000000        0.0000000000000000        0.0000000000000000     
  0.16984318467565751        0.0000000000000000        0.0000000000000000        0.0000000000000000     
  0.17096923402961642        0.0000000000000000        0.0000000000000000        0.0000000000000000     
  0.17209528338357533        0.0000000000000000        0.0000000000000000        0.0000000000000000     
  0.17322133273753423        0.0000000000000000        0.0000000000000000        0.0000000000000000     
  0.17434738209149314        0.0000000000000000        0.0000000000000000        0.0000000000000000     
  0.17547343144545205        0.0000000000000000        0.0000000000000000        0.0000000000000000     
  0.17659948079941096        0.0000000000000000        0.0000000000000000        0.0000000000000000     
  0.17772553015336987        0.0000000000000000        0.0000000000000000        0.0000000000000000     
  0.17885157950732877        0.0000000000000000        0.0000000000000000        0.0000000000000000     
  0.17997762886128768        0.0000000000000000        0.0000000000000000        0.0000000000000000     
  0.18110367821524659        79.172264849197092        78.771390046276352        79.172264849197092     
  0.18222972756920550        0.0000000000000000        0.0000000000000000        0.0000000000000000     
  0.18335577692316440        4.5107050610500217        4.4878659013287967        4.5107050610500217     
  0.18448182627712331        0.0000000000000000        0.0000000000000000        0.0000000000000000     
  0.18560787563108222        0.0000000000000000        0.0000000000000000        0.0000000000000000     
  0.18673392498504113        0.0000000000000000        0.0000000000000000        0.0000000000000000     
  0.18785997433900004        0.0000000000000000        0.0000000000000000        0.0000000000000000     
  0.18898602369295894        0.0000000000000000        0.0000000000000000        0.0000000000000000     
  0.19011207304691785        0.0000000000000000        0.0000000000000000        0.0000000000000000     
  0.19123812240087676        0.0000000000000000        0.0000000000000000        0.0000000000000000     
  0.19236417175483567        0.0000000000000000        0.0000000000000000        0.0000000000000000     
  0.19349022110879457        0.0000000000000000        0.0000000000000000        0.0000000000000000     
  0.19461627046275348        0.0000000000000000        0.0000000000000000        0.0000000000000000     
  0.19574231981671239        0.0000000000000000        0.0000000000000000        0.0000000000000000     
  0.19686836917067130        0.0000000000000000        0.0000000000000000        0.0000000000000000     
  0.19799441852463021        136.53443706845539        135.84311902095527        136.53443706845539     
  0.19912046787858911        0.0000000000000000        0.0000000000000000        0.0000000000000000     
  0.20024651723254802        0.0000000000000000        0.0000000000000000        0.0000000000000000     
  0.20137256658650693        0.0000000000000000        0.0000000000000000        0.0000000000000000     
  0.20249861594046584        0.0000000000000000        0.0000000000000000        0.0000000000000000     
  0.20362466529442474        0.0000000000000000        0.0000000000000000        0.0000000000000000     
  0.20475071464838365        0.0000000000000000        0.0000000000000000        0.0000000000000000     
  0.20587676400234256        0.0000000000000000        0.0000000000000000        0.0000000000000000     
  0.20700281335630147        0.0000000000000000        0.0000000000000000        0.0000000000000000     
  0.20812886271026038        0.0000000000000000        0.0000000000000000        0.0000000000000000     
  0.20925491206421928        0.0000000000000000        0.0000000000000000        0.0000000000000000     
  0.21038096141817819        0.0000000000000000        0.0000000000000000        0.0000000000000000     
  0.21150701077213710       0.95719021295461038       0.95234364908901026       0.95719021295461026     
  0.21263306012609601        0.0000000000000000        0.0000000000000000        0.0000000000000000     
  0.21375910948005492        376.95755808809440        375.04889996020239        376.95755808809446     
  0.21488515883401382        47533.082495674476        28546.670959552375        28943.644963922619     
  0.21601120818797273        36504.609551387810        25891.453071590924        26150.101568487764     
  0.21713725754193164        150664.12920680965        67564.618179632307        69240.647924528050     
