   0.0000000000000000        0.0000000000000000        0.0000000000000000        0.0000000000000000     
   1.5295588800000000        0.0000000000000000        0.0000000000000000        0.0000000000000000     
   3.0591177599999999        0.0000000000000000        0.0000000000000000        0.0000000000000000     
   4.5886766400000001        0.0000000000000000        0.0000000000000000        0.0000000000000000     
   6.1182355199999998        0.0000000000000000        0.0000000000000000        0.0000000000000000     
   7.6477943999999995        0.0000000000000000        0.0000000000000000        0.0000000000000000     
   9.1773532800000002        0.0000000000000000        0.0000000000000000        0.0000000000000000     
   10.706912160000000        0.0000000000000000        0.0000000000000000        0.0000000000000000     
   12.236471040000000        0.0000000000000000        0.0000000000000000        0.0000000000000000     
   13.766029919999999        0.0000000000000000        0.0000000000000000        0.0000000000000000     
   15.295588799999999        0.0000000000000000        0.0000000000000000        0.0000000000000000     
   16.825147680000001        0.0000000000000000        0.0000000000000000        0.0000000000000000     
   18.354706560000000        0.0000000000000000        0.0000000000000000        0.0000000000000000     
   19.884265440000000        0.0000000000000000        0.0000000000000000        0.0000000000000000     
   21.413824320000000        0.0000000000000000        0.0000000000000000        0.0000000000000000     
   22.943383200000000        0.0000000000000000        0.0000000000000000        0.0000000000000000     
   24.472942079999999        0.0000000000000000        0.0000000000000000        0.0000000000000000     
   26.002500959999999        0.0000000000000000        0.0000000000000000        0.0000000000000000     
   27.532059839999999        0.0000000000000000        0.0000000000000000        0.0000000000000000     
   29.061618719999998        0.0000000000000000        0.0000000000000000        0.0000000000000000     
   30.591177599999998        0.0000000000000000        0.0000000000000000        0.0000000000000000     
   32.120736479999998        0.0000000000000000        0.0000000000000000        0.0000000000000000     
   33.650295360000001        0.0000000000000000        0.0000000000000000        0.0000000000000000     
   35.179854240000004        0.0000000000000000        0.0000000000000000        0.0000000000000000     
   36.709413120000008        0.0000000000000000        0.0000000000000000        0.0000000000000000     
   38.238972000000011        0.0000000000000000        0.0000000000000000        0.0000000000000000     
   39.768530880000014        0.0000000000000000        0.0000000000000000        0.0000000000000000     
   41.298089760000018        0.0000000000000000        0.0000000000000000        0.0000000000000000     
   42.827648640000021        0.0000000000000000        0.0000000000000000        0.0000000000000000     
   44.357207520000024        0.0000000000000000        0.0000000000000000        0.0000000000000000     
   45.886766400000027        0.0000000000000000        0.0000000000000000        0.0000000000000000     
   47.416325280000031        0.0000000000000000        0.0000000000000000        0.0000000000000000     
   48.945884160000034        0.0000000000000000        0.0000000000000000        0.0000000000000000     
   50.475443040000037        0.0000000000000000        0.0000000000000000        0.0000000000000000     
   52.005001920000041        0.0000000000000000        0.0000000000000000        0.0000000000000000     
   53.534560800000044        3.3207459917427374E-003   3.3039319799480103E-003   3.3207459917427374E-003
   55.064119680000047        0.0000000000000000        0.0000000000000000        0.0000000000000000     
   56.593678560000050        0.0000000000000000        0.0000000000000000        0.0000000000000000     
   58.123237440000054        0.0000000000000000        0.0000000000000000        0.0000000000000000     
   59.652796320000057        1.6845666233176366E-012   1.6760371172536688E-012   1.6845666233176366E-012
   61.182355200000060        0.0000000000000000        0.0000000000000000        0.0000000000000000     
   62.711914080000064        0.0000000000000000        0.0000000000000000        0.0000000000000000     
   64.241472960000067        0.0000000000000000        0.0000000000000000        0.0000000000000000     
   65.771031840000063        0.0000000000000000        0.0000000000000000        0.0000000000000000     
   67.300590720000059        0.0000000000000000        0.0000000000000000        0.0000000000000000     
   68.830149600000055        0.0000000000000000        0.0000000000000000        0.0000000000000000     
   70.359708480000052        0.0000000000000000        0.0000000000000000        0.0000000000000000     
   71.889267360000048        0.0000000000000000        0.0000000000000000        0.0000000000000000     
   73.418826240000044        0.0000000000000000        0.0000000000000000        0.0000000000000000     
   74.948385120000040        0.0000000000000000        0.0000000000000000        0.0000000000000000     
   76.477944000000036        0.0000000000000000        0.0000000000000000        0.0000000000000000     
   78.007502880000033        0.0000000000000000        0.0000000000000000        0.0000000000000000     
   79.537061760000029        0.0000000000000000        0.0000000000000000        0.0000000000000000     
   81.066620640000025        0.0000000000000000        0.0000000000000000        0.0000000000000000     
   82.596179520000021        0.0000000000000000        0.0000000000000000        0.0000000000000000     
   84.125738400000017        0.0000000000000000        0.0000000000000000        0.0000000000000000     
   85.655297280000013        0.0000000000000000        0.0000000000000000        0.0000000000000000     
   87.184856160000010        0.0000000000000000        0.0000000000000000        0.0000000000000000     
   88.714415040000006        0.0000000000000000        0.0000000000000000        0.0000000000000000     
   90.243973920000002        5.8286005756706269E-002   5.7990884843906042E-002   5.8286005756706269E-002
   91.773532799999998        0.0000000000000000        0.0000000000000000        0.0000000000000000     
   93.303091679999994        0.0000000000000000        0.0000000000000000        0.0000000000000000     
   94.832650559999990        0.0000000000000000        0.0000000000000000        0.0000000000000000     
   96.362209439999987        1.5455952421740098E-005   1.5377693931941699E-005   1.5455952421740098E-005
   97.891768319999983        0.0000000000000000        0.0000000000000000        0.0000000000000000     
   99.421327199999979        0.0000000000000000        0.0000000000000000        0.0000000000000000     
   100.95088607999998        0.0000000000000000        0.0000000000000000        0.0000000000000000     
   102.48044495999997        0.0000000000000000        0.0000000000000000        0.0000000000000000     
   104.01000383999997        0.0000000000000000        0.0000000000000000        0.0000000000000000     
   105.53956271999996        0.0000000000000000        0.0000000000000000        0.0000000000000000     
   107.06912159999996        0.0000000000000000        0.0000000000000000        0.0000000000000000     
   108.59868047999996        0.0000000000000000        0.0000000000000000        0.0000000000000000     
   110.12823935999995        0.0000000000000000        0.0000000000000000        0.0000000000000000     
   111.65779823999995        0.0000000000000000        0.0000000000000000        0.0000000000000000     
   113.18735711999994        0.0000000000000000        0.0000000000000000        0.0000000000000000     
   114.71691599999994        0.0000000000000000        0.0000000000000000        0.0000000000000000     
   116.24647487999994        0.0000000000000000        0.0000000000000000        0.0000000000000000     
   117.77603375999993        0.0000000000000000        0.0000000000000000        0.0000000000000000     
   119.30559263999993        0.0000000000000000        0.0000000000000000        0.0000000000000000     
   120.83515151999993        0.0000000000000000        0.0000000000000000        0.0000000000000000     
   122.36471039999992        0.0000000000000000        0.0000000000000000        0.0000000000000000     
   123.89426927999992        0.0000000000000000        0.0000000000000000        0.0000000000000000     
   125.42382815999991        0.0000000000000000        0.0000000000000000        0.0000000000000000     
   126.95338703999991        0.0000000000000000        0.0000000000000000        0.0000000000000000     
   128.48294591999991        7.0467599188683708E-004   7.0110798925474515E-004   7.0467599188683697E-004
   130.01250479999990        0.0000000000000000        0.0000000000000000        0.0000000000000000     
   131.54206367999990        0.0000000000000000        0.0000000000000000        0.0000000000000000     
   133.07162255999989        14.633370130584726        14.559276641174797        14.633370130584728     
   134.60118143999989        0.0000000000000000        0.0000000000000000        0.0000000000000000     
   136.13074031999989       0.10051559090950200       0.10000664793846212       0.10051559090950200     
   137.66029919999988        0.0000000000000000        0.0000000000000000        0.0000000000000000     
   139.18985807999988        0.0000000000000000        0.0000000000000000        0.0000000000000000     
   140.71941695999988        0.0000000000000000        0.0000000000000000        0.0000000000000000     
   142.24897583999987        1.9380145985515171E-002   1.9282018033544662E-002   1.9380145985515171E-002
   143.77853471999987        5.8296932518428291E-003   5.8001756279896770E-003   5.8296932518428291E-003
   145.30809359999986       0.27751322312941801       0.27610808385694929       0.27751322312941806     
   146.83765247999986        18.463695577552425        15.266725109952761        15.379090066830209     
   148.36721135999986        32.200953337893957        26.820908978673650        27.015456870386693     
   149.89677023999985        58.421792003187001        30.701738346528366        31.258159790157354     
   151.42632911999985        59.576776588406972        36.624680145343341        37.110910030757516     
