   0.0000000000000000        84.868572356644535        46.488159517653884        47.264185848945196     
   1.8000000000000000        15.521215911595975        11.535077668980820        11.640078711892812     
   3.6000000000000001        209.24966394674257        46.424088919534483        50.965410039674204     
   5.4000000000000004        139.32973990407663        39.638892649894395        42.039629651490444     
   7.2000000000000002        186.70848092809592        47.559122901593113        51.127213473230618     
   9.0000000000000000        73.416044460986157        28.484705100597356        29.424853719748175     
   10.800000000000001        0.0000000000000000        0.0000000000000000        0.0000000000000000     
   12.600000000000001        13.754362338046274        13.684719549601775        13.754362338046276     
   14.400000000000002        36.218011045911922        26.117293232511297        26.369735464370468     
   16.200000000000003        39.614435563404726        22.522516557343288        22.871714029154663     
   18.000000000000004        7.0453323905520246        6.9243327400964914        6.9604428587155667     
   19.800000000000004        0.0000000000000000        0.0000000000000000        0.0000000000000000     
   21.600000000000005        0.0000000000000000        0.0000000000000000        0.0000000000000000     
   23.400000000000006        0.0000000000000000        0.0000000000000000        0.0000000000000000     
   25.200000000000006        0.0000000000000000        0.0000000000000000        0.0000000000000000     
   27.000000000000007        0.0000000000000000        0.0000000000000000        0.0000000000000000     
   28.800000000000008        0.0000000000000000        0.0000000000000000        0.0000000000000000     
   30.600000000000009        0.0000000000000000        0.0000000000000000        0.0000000000000000     
   32.400000000000006        0.0000000000000000        0.0000000000000000        0.0000000000000000     
   34.200000000000003        0.0000000000000000        0.0000000000000000        0.0000000000000000     
   36.000000000000000        0.0000000000000000        0.0000000000000000        0.0000000000000000     
   37.799999999999997        12.451246834416928        12.371660806818499        12.434789364947081     
   39.599999999999994        4.9538106005734862E-003   4.9287278540839936E-003   4.9538106005734862E-003
   41.399999999999991        0.0000000000000000        0.0000000000000000        0.0000000000000000     
   43.199999999999989        0.0000000000000000        0.0000000000000000        0.0000000000000000     
   44.999999999999986        0.0000000000000000        0.0000000000000000        0.0000000000000000     
   46.799999999999983        0.0000000000000000        0.0000000000000000        0.0000000000000000     
   48.599999999999980        0.0000000000000000        0.0000000000000000        0.0000000000000000     
   50.399999999999977        5.9880190050739981E-004   5.9576997266863336E-004   5.9880190050739970E-004
   52.199999999999974        0.0000000000000000        0.0000000000000000        0.0000000000000000     
   53.999999999999972        0.0000000000000000        0.0000000000000000        0.0000000000000000     
   55.799999999999969        0.0000000000000000        0.0000000000000000        0.0000000000000000     
   57.599999999999966        0.0000000000000000        0.0000000000000000        0.0000000000000000     
   59.399999999999963        0.0000000000000000        0.0000000000000000        0.0000000000000000     
   61.199999999999960        0.0000000000000000        0.0000000000000000        0.0000000000000000     
   62.999999999999957        0.0000000000000000        0.0000000000000000        0.0000000000000000     
   64.799999999999955        4.9528820936056220E-002   4.9278040484474393E-002   4.9528820936056220E-002
   66.599999999999952        0.0000000000000000        0.0000000000000000        0.0000000000000000     
   68.399999999999949        0.0000000000000000        0.0000000000000000        0.0000000000000000     
   70.199999999999946        0.0000000000000000        0.0000000000000000        0.0000000000000000     
   71.999999999999943        0.0000000000000000        0.0000000000000000        0.0000000000000000     
   73.799999999999940        0.0000000000000000        0.0000000000000000        0.0000000000000000     
   75.599999999999937        0.0000000000000000        0.0000000000000000        0.0000000000000000     
   77.399999999999935        0.0000000000000000        0.0000000000000000        0.0000000000000000     
   79.199999999999932        0.0000000000000000        0.0000000000000000        0.0000000000000000     
   80.999999999999929        1.3133771819738930E-005   1.3067271281957524E-005   1.3133771819738930E-005
   82.799999999999926        0.0000000000000000        0.0000000000000000        0.0000000000000000     
   84.599999999999923        0.0000000000000000        0.0000000000000000        0.0000000000000000     
   86.399999999999920        0.0000000000000000        0.0000000000000000        0.0000000000000000     
   88.199999999999918        0.0000000000000000        0.0000000000000000        0.0000000000000000     
   89.999999999999915        0.0000000000000000        0.0000000000000000        0.0000000000000000     
   91.799999999999912        0.0000000000000000        0.0000000000000000        0.0000000000000000     
   93.599999999999909        0.0000000000000000        0.0000000000000000        0.0000000000000000     
   95.399999999999906        0.0000000000000000        0.0000000000000000        0.0000000000000000     
   97.199999999999903        0.0000000000000000        0.0000000000000000        0.0000000000000000     
   98.999999999999901        0.0000000000000000        0.0000000000000000        0.0000000000000000     
   100.79999999999990        0.0000000000000000        0.0000000000000000        0.0000000000000000     
   102.59999999999989        0.0000000000000000        0.0000000000000000        0.0000000000000000     
   104.39999999999989        2.8218202888302840E-003   2.8075324993585898E-003   2.8218202888302840E-003
   106.19999999999989        0.0000000000000000        0.0000000000000000        0.0000000000000000     
   107.99999999999989        1.4314687986928368E-012   1.4242208088360835E-012   1.4314687986928368E-012
   109.79999999999988        0.0000000000000000        0.0000000000000000        0.0000000000000000     
   111.59999999999988        0.0000000000000000        0.0000000000000000        0.0000000000000000     
   113.39999999999988        0.0000000000000000        0.0000000000000000        0.0000000000000000     
   115.19999999999987        0.0000000000000000        0.0000000000000000        0.0000000000000000     
   116.99999999999987        0.0000000000000000        0.0000000000000000        0.0000000000000000     
   118.79999999999987        0.0000000000000000        0.0000000000000000        0.0000000000000000     
   120.59999999999987        0.0000000000000000        0.0000000000000000        0.0000000000000000     
   122.39999999999986        0.0000000000000000        0.0000000000000000        0.0000000000000000     
   124.19999999999986        0.0000000000000000        0.0000000000000000        0.0000000000000000     
   125.99999999999986        0.0000000000000000        0.0000000000000000        0.0000000000000000     
   127.79999999999986        0.0000000000000000        0.0000000000000000        0.0000000000000000     
   129.59999999999985        0.0000000000000000        0.0000000000000000        0.0000000000000000     
   131.39999999999986        0.0000000000000000        0.0000000000000000        0.0000000000000000     
   133.19999999999987        0.0000000000000000        0.0000000000000000        0.0000000000000000     
   134.99999999999989        0.0000000000000000        0.0000000000000000        0.0000000000000000     
   136.79999999999990        0.0000000000000000        0.0000000000000000        0.0000000000000000     
   138.59999999999991        0.0000000000000000        0.0000000000000000        0.0000000000000000     
   140.39999999999992        0.0000000000000000        0.0000000000000000        0.0000000000000000     
   142.19999999999993        0.0000000000000000        0.0000000000000000        0.0000000000000000     
   143.99999999999994        0.0000000000000000        0.0000000000000000        0.0000000000000000     
   145.79999999999995        0.0000000000000000        0.0000000000000000        0.0000000000000000     
   147.59999999999997        0.0000000000000000        0.0000000000000000        0.0000000000000000     
   149.39999999999998        0.0000000000000000        0.0000000000000000        0.0000000000000000     
   151.19999999999999        0.0000000000000000        0.0000000000000000        0.0000000000000000     
   153.00000000000000        0.0000000000000000        0.0000000000000000        0.0000000000000000     
   154.80000000000001        0.0000000000000000        0.0000000000000000        0.0000000000000000     
   156.60000000000002        0.0000000000000000        0.0000000000000000        0.0000000000000000     
   158.40000000000003        0.0000000000000000        0.0000000000000000        0.0000000000000000     
   160.20000000000005        0.0000000000000000        0.0000000000000000        0.0000000000000000     
   162.00000000000006        0.0000000000000000        0.0000000000000000        0.0000000000000000     
   163.80000000000007        0.0000000000000000        0.0000000000000000        0.0000000000000000     
   165.60000000000008        0.0000000000000000        0.0000000000000000        0.0000000000000000     
   167.40000000000009        0.0000000000000000        0.0000000000000000        0.0000000000000000     
   169.20000000000010        0.0000000000000000        0.0000000000000000        0.0000000000000000     
   171.00000000000011        0.0000000000000000        0.0000000000000000        0.0000000000000000     
   172.80000000000013        0.0000000000000000        0.0000000000000000        0.0000000000000000     
   174.60000000000014        0.0000000000000000        0.0000000000000000        0.0000000000000000     
   176.40000000000015        0.0000000000000000        0.0000000000000000        0.0000000000000000     
   178.20000000000016        0.0000000000000000        0.0000000000000000        0.0000000000000000     
