   0.0000000000000000        3055.2686048392029        1673.5737426355397        1701.5106905620269     
   5.0000000000000003E-002   3022.9145802781914        988.04353321561973        1033.6987862513299     
  0.10000000000000001        9427.9794651849697        1885.9170094914562        2110.5756084470213     
  0.15000000000000002        7898.0232644509451        1826.4770295845328        1991.5087096135658     
  0.20000000000000001        2123.1879155397974        898.61948759296001        923.60792487006393     
  0.25000000000000000        495.15704416966582        492.64990378566387        495.15704416966594     
  0.29999999999999999        486.96410027304802        481.13941079199384        483.62219334893859     
  0.34999999999999998        2243.0039776623512        1137.7339453966463        1159.8523128036570     
  0.39999999999999997        253.63196605987287        249.27597864347371        250.57594291376037     
  0.44999999999999996        0.0000000000000000        0.0000000000000000        0.0000000000000000     
  0.49999999999999994        0.0000000000000000        0.0000000000000000        0.0000000000000000     
  0.54999999999999993        0.0000000000000000        0.0000000000000000        0.0000000000000000     
  0.59999999999999998        0.0000000000000000        0.0000000000000000        0.0000000000000000     
  0.65000000000000002        0.0000000000000000        0.0000000000000000        0.0000000000000000     
  0.70000000000000007        0.0000000000000000        0.0000000000000000        0.0000000000000000     
  0.75000000000000011        0.0000000000000000        0.0000000000000000        0.0000000000000000     
  0.80000000000000016       0.59286148775682157       0.58985963815056741       0.59286148775682157     
  0.85000000000000020        447.83036173287320        445.38364224451220        447.65206007454674     
  0.90000000000000024        0.0000000000000000        0.0000000000000000        0.0000000000000000     
  0.95000000000000029        0.0000000000000000        0.0000000000000000        0.0000000000000000     
   1.0000000000000002        0.0000000000000000        0.0000000000000000        0.0000000000000000     
   1.0500000000000003        0.0000000000000000        0.0000000000000000        0.0000000000000000     
   1.1000000000000003        2.1556868418266394E-002   2.1447719016070801E-002   2.1556868418266387E-002
   1.1500000000000004        0.0000000000000000        0.0000000000000000        0.0000000000000000     
   1.2000000000000004        0.0000000000000000        0.0000000000000000        0.0000000000000000     
   1.2500000000000004        0.0000000000000000        0.0000000000000000        0.0000000000000000     
   1.3000000000000005        0.0000000000000000        0.0000000000000000        0.0000000000000000     
   1.3500000000000005        0.0000000000000000        0.0000000000000000        0.0000000000000000     
   1.4000000000000006        0.0000000000000000        0.0000000000000000        0.0000000000000000     
   1.4500000000000006        1.7830375536980239        1.7740094574410781        1.7830375536980239     
   1.5000000000000007        0.0000000000000000        0.0000000000000000        0.0000000000000000     
   1.5500000000000007        0.0000000000000000        0.0000000000000000        0.0000000000000000     
   1.6000000000000008        0.0000000000000000        0.0000000000000000        0.0000000000000000     
   1.6500000000000008        0.0000000000000000        0.0000000000000000        0.0000000000000000     
   1.7000000000000008        0.0000000000000000        0.0000000000000000        0.0000000000000000     
   1.7500000000000009        0.0000000000000000        0.0000000000000000        0.0000000000000000     
   1.8000000000000009        0.0000000000000000        0.0000000000000000        0.0000000000000000     
   1.8500000000000010        0.0000000000000000        0.0000000000000000        0.0000000000000000     
   1.9000000000000010        0.0000000000000000        0.0000000000000000        0.0000000000000000     
   1.9500000000000011        4.7281578551060146E-004   4.7042176615047087E-004   4.7281578551060146E-004
   2.0000000000000009        0.0000000000000000        0.0000000000000000        0.0000000000000000     
   2.0500000000000007        0.0000000000000000        0.0000000000000000        0.0000000000000000     
   2.1000000000000005        0.0000000000000000        0.0000000000000000        0.0000000000000000     
   2.1500000000000004        0.0000000000000000        0.0000000000000000        0.0000000000000000     
   2.2000000000000002        0.0000000000000000        0.0000000000000000        0.0000000000000000     
   2.2500000000000000        0.0000000000000000        0.0000000000000000        0.0000000000000000     
   2.2999999999999998        0.0000000000000000        0.0000000000000000        0.0000000000000000     
   2.3499999999999996        0.0000000000000000        0.0000000000000000        0.0000000000000000     
   2.3999999999999995        0.0000000000000000        0.0000000000000000        0.0000000000000000     
   2.4499999999999993        0.0000000000000000        0.0000000000000000        0.0000000000000000     
   2.4999999999999991        0.0000000000000000        0.0000000000000000        0.0000000000000000     
   2.5499999999999989        0.0000000000000000        0.0000000000000000        0.0000000000000000     
   2.5999999999999988        0.0000000000000000        0.0000000000000000        0.0000000000000000     
   2.6499999999999986        0.0000000000000000        0.0000000000000000        0.0000000000000000     
   2.6999999999999984       0.10158553039789021       0.10107116997690922       0.10158553039789021     
   2.7499999999999982        0.0000000000000000        0.0000000000000000        0.0000000000000000     
   2.7999999999999980        0.0000000000000000        0.0000000000000000        0.0000000000000000     
   2.8499999999999979        0.0000000000000000        0.0000000000000000        0.0000000000000000     
   2.8999999999999977        0.0000000000000000        0.0000000000000000        0.0000000000000000     
   2.9499999999999975        0.0000000000000000        0.0000000000000000        0.0000000000000000     
   2.9999999999999973        0.0000000000000000        0.0000000000000000        0.0000000000000000     
   3.0499999999999972        5.1532876752942123E-011   5.1271949118099008E-011   5.1532876752942123E-011
   3.0999999999999970        0.0000000000000000        0.0000000000000000        0.0000000000000000     
   3.1499999999999968        0.0000000000000000        0.0000000000000000        0.0000000000000000     
   3.1999999999999966        0.0000000000000000        0.0000000000000000        0.0000000000000000     
   3.2499999999999964        0.0000000000000000        0.0000000000000000        0.0000000000000000     
   3.2999999999999963        0.0000000000000000        0.0000000000000000        0.0000000000000000     
   3.3499999999999961        0.0000000000000000        0.0000000000000000        0.0000000000000000     
   3.3999999999999959        0.0000000000000000        0.0000000000000000        0.0000000000000000     
   3.4499999999999957        0.0000000000000000        0.0000000000000000        0.0000000000000000     
   3.4999999999999956        0.0000000000000000        0.0000000000000000        0.0000000000000000     
   3.5499999999999954        0.0000000000000000        0.0000000000000000        0.0000000000000000     
   3.5999999999999952        0.0000000000000000        0.0000000000000000        0.0000000000000000     
   3.6499999999999950        0.0000000000000000        0.0000000000000000        0.0000000000000000     
   3.6999999999999948        0.0000000000000000        0.0000000000000000        0.0000000000000000     
   3.7499999999999947        0.0000000000000000        0.0000000000000000        0.0000000000000000     
   3.7999999999999945        0.0000000000000000        0.0000000000000000        0.0000000000000000     
   3.8499999999999943        0.0000000000000000        0.0000000000000000        0.0000000000000000     
   3.8999999999999941        0.0000000000000000        0.0000000000000000        0.0000000000000000     
   3.9499999999999940        0.0000000000000000        0.0000000000000000        0.0000000000000000     
   3.9999999999999938        0.0000000000000000        0.0000000000000000        0.0000000000000000     
   4.0499999999999936        0.0000000000000000        0.0000000000000000        0.0000000000000000     
   4.0999999999999934        0.0000000000000000        0.0000000000000000        0.0000000000000000     
   4.1499999999999932        0.0000000000000000        0.0000000000000000        0.0000000000000000     
   4.1999999999999931        0.0000000000000000        0.0000000000000000        0.0000000000000000     
   4.2499999999999929        0.0000000000000000        0.0000000000000000        0.0000000000000000     
   4.2999999999999927        0.0000000000000000        0.0000000000000000        0.0000000000000000     
   4.3499999999999925        0.0000000000000000        0.0000000000000000        0.0000000000000000     
   4.3999999999999924        0.0000000000000000        0.0000000000000000        0.0000000000000000     
   4.4499999999999922        0.0000000000000000        0.0000000000000000        0.0000000000000000     
   4.4999999999999920        0.0000000000000000        0.0000000000000000        0.0000000000000000     
   4.5499999999999918        0.0000000000000000        0.0000000000000000        0.0000000000000000     
   4.5999999999999917        0.0000000000000000        0.0000000000000000        0.0000000000000000     
   4.6499999999999915        0.0000000000000000        0.0000000000000000        0.0000000000000000     
   4.6999999999999913        0.0000000000000000        0.0000000000000000        0.0000000000000000     
   4.7499999999999911        0.0000000000000000        0.0000000000000000        0.0000000000000000     
   4.7999999999999909        0.0000000000000000        0.0000000000000000        0.0000000000000000     
   4.8499999999999908        0.0000000000000000        0.0000000000000000        0.0000000000000000     
   4.8999999999999906        0.0000000000000000        0.0000000000000000        0.0000000000000000     
   4.9499999999999904        0.0000000000000000        0.0000000000000000        0.0000000000000000     
