   80.000000000000000        0.0000000000000000        0.0000000000000000        0.0000000000000000     
   81.099999999999994        0.0000000000000000        0.0000000000000000        0.0000000000000000     
   82.199999999999989        0.0000000000000000        0.0000000000000000        0.0000000000000000     
   83.299999999999983        0.0000000000000000        0.0000000000000000        0.0000000000000000     
   84.399999999999977        0.0000000000000000        0.0000000000000000        0.0000000000000000     
   85.499999999999972        0.0000000000000000        0.0000000000000000        0.0000000000000000     
   86.599999999999966        0.0000000000000000        0.0000000000000000        0.0000000000000000     
   87.699999999999960        0.0000000000000000        0.0000000000000000        0.0000000000000000     
   88.799999999999955        0.0000000000000000        0.0000000000000000        0.0000000000000000     
   89.899999999999949        0.0000000000000000        0.0000000000000000        0.0000000000000000     
   90.999999999999943        0.0000000000000000        0.0000000000000000        0.0000000000000000     
   92.099999999999937        0.0000000000000000        0.0000000000000000        0.0000000000000000     
   93.199999999999932        0.0000000000000000        0.0000000000000000        0.0000000000000000     
   94.299999999999926        0.0000000000000000        0.0000000000000000        0.0000000000000000     
   95.399999999999920        0.0000000000000000        0.0000000000000000        0.0000000000000000     
   96.499999999999915        0.0000000000000000        0.0000000000000000        0.0000000000000000     
   97.599999999999909        0.0000000000000000        0.0000000000000000        0.0000000000000000     
   98.699999999999903        0.0000000000000000        0.0000000000000000        0.0000000000000000     
   99.799999999999898        0.0000000000000000        0.0000000000000000        0.0000000000000000     
   100.89999999999989        0.0000000000000000        0.0000000000000000        0.0000000000000000     
   101.99999999999989        0.0000000000000000        0.0000000000000000        0.0000000000000000     
   103.09999999999988        0.0000000000000000        0.0000000000000000        0.0000000000000000     
   104.19999999999987        0.0000000000000000        0.0000000000000000        0.0000000000000000     
   105.29999999999987        0.0000000000000000        0.0000000000000000        0.0000000000000000     
   106.39999999999986        0.0000000000000000        0.0000000000000000        0.0000000000000000     
   107.49999999999986        0.0000000000000000        0.0000000000000000        0.0000000000000000     
   108.59999999999985        0.0000000000000000        0.0000000000000000        0.0000000000000000     
   109.69999999999985        0.0000000000000000        0.0000000000000000        0.0000000000000000     
   110.79999999999984        0.0000000000000000        0.0000000000000000        0.0000000000000000     
   111.89999999999984        0.0000000000000000        0.0000000000000000        0.0000000000000000     
   112.99999999999983        0.0000000000000000        0.0000000000000000        0.0000000000000000     
   114.09999999999982        0.0000000000000000        0.0000000000000000        0.0000000000000000     
   115.19999999999982        0.0000000000000000        0.0000000000000000        0.0000000000000000     
   116.29999999999981        0.0000000000000000        0.0000000000000000        0.0000000000000000     
   117.39999999999981        0.0000000000000000        0.0000000000000000        0.0000000000000000     
   118.49999999999980        0.0000000000000000        0.0000000000000000        0.0000000000000000     
   119.59999999999980        0.0000000000000000        0.0000000000000000        0.0000000000000000     
   120.69999999999979        0.0000000000000000        0.0000000000000000        0.0000000000000000     
   121.79999999999978        0.0000000000000000        0.0000000000000000        0.0000000000000000     
   122.89999999999978        0.0000000000000000        0.0000000000000000        0.0000000000000000     
   123.99999999999977        0.0000000000000000        0.0000000000000000        0.0000000000000000     
   125.09999999999977        0.0000000000000000        0.0000000000000000        0.0000000000000000     
   126.19999999999976        0.0000000000000000        0.0000000000000000        0.0000000000000000     
   127.29999999999976        0.0000000000000000        0.0000000000000000        0.0000000000000000     
   128.39999999999975        0.0000000000000000        0.0000000000000000        0.0000000000000000     
   129.49999999999974        0.0000000000000000        0.0000000000000000        0.0000000000000000     
   130.59999999999974        0.0000000000000000        0.0000000000000000        0.0000000000000000     
   131.69999999999973        0.0000000000000000        0.0000000000000000        0.0000000000000000     
   132.79999999999973        0.0000000000000000        0.0000000000000000        0.0000000000000000     
   133.89999999999972        0.0000000000000000        0.0000000000000000        0.0000000000000000     
   134.99999999999972        0.0000000000000000        0.0000000000000000        0.0000000000000000     
   136.09999999999971        0.0000000000000000        0.0000000000000000        0.0000000000000000     
   137.19999999999970        0.0000000000000000        0.0000000000000000        0.0000000000000000     
   138.29999999999970        0.0000000000000000        0.0000000000000000        0.0000000000000000     
   139.39999999999969        0.0000000000000000        0.0000000000000000        0.0000000000000000     
   140.49999999999969        0.0000000000000000        0.0000000000000000        0.0000000000000000     
   141.59999999999968        0.0000000000000000        0.0000000000000000        0.0000000000000000     
   142.69999999999968        0.0000000000000000        0.0000000000000000        0.0000000000000000     
   143.79999999999967        0.0000000000000000        0.0000000000000000        0.0000000000000000     
   144.89999999999966        0.0000000000000000        0.0000000000000000        0.0000000000000000     
   145.99999999999966       0.38588437705002060       0.38393051954834678       0.38588437705002065     
   147.09999999999965        4.2478149603360835        4.2263068982854159        4.2478149603360844     
   148.19999999999965        23.982229640986617        20.975885404491798        21.113913364856483     
   149.29999999999964        5.0884542911448634        5.0626898000693688        5.0884542911448634     
   150.39999999999964        113.82432978367748        54.201958450141312        55.396035643261200     
   151.49999999999963        51.020446651010062        35.629336496333131        35.996436169585493     
   152.59999999999962        56.716727010433573        44.134448779054260        44.501037833413776     
   153.69999999999962        116.51581546340421        51.887921873720543        53.192923359179744     
   154.79999999999961        58.799314859562145        31.027995710650558        31.585745840881046     
   155.89999999999961        50.259435420126017        30.706788050562903        31.119480932057268     
   156.99999999999960        96.129942992442025        44.995965451188667        46.021516676277287     
   158.09999999999960        124.26166404963494        53.532651475175541        54.970119870090812     
   159.19999999999959        80.289552647226358        39.262210474922952        40.082869742248192     
   160.29999999999959        34.074541169414893        26.878644679693991        27.095932602777747     
   161.39999999999958        80.591958299098891        42.244641152626741        43.014141983581830     
   162.49999999999957        4.9405694406935374E-002   4.9155537384823318E-002   4.9405694406935374E-002
   163.59999999999957        63.477493936430314        33.774733241437303        34.371987681999983     
   164.69999999999956        73.100530542430334        36.101207646353906        36.841197532134807     
   165.79999999999956        51.491705337462811        33.042076768490602        33.444889177717073     
   166.89999999999955        75.842236976980814        58.424062789329447        58.919203801015307     
   167.99999999999955        57.426166439400582        34.914248282168785        35.388069833811521     
   169.09999999999954        54.554952234001036        33.163820029376630        33.614015196947555     
   170.19999999999953        21.742869784858168        21.631793775265127        21.741889949282772     
   171.29999999999953        5.9696951013049953        5.9394686027730819        5.9696951013049953     
   172.39999999999952        0.0000000000000000        0.0000000000000000        0.0000000000000000     
   173.49999999999952        23.577398171761438        23.458018173431327        23.577398171761438     
   174.59999999999951        0.0000000000000000        0.0000000000000000        0.0000000000000000     
   175.69999999999951        0.0000000000000000        0.0000000000000000        0.0000000000000000     
   176.79999999999950        0.0000000000000000        0.0000000000000000        0.0000000000000000     
   177.89999999999949        9.5564062643937557        9.5080190863186278        9.5564062643937557     
   178.99999999999949        5.9530640122489684        5.9229217223039949        5.9530640122489684     
   180.09999999999948        0.0000000000000000        0.0000000000000000        0.0000000000000000     
   181.19999999999948        0.0000000000000000        0.0000000000000000        0.0000000000000000     
   182.29999999999947        0.0000000000000000        0.0000000000000000        0.0000000000000000     
   183.39999999999947        0.0000000000000000        0.0000000000000000        0.0000000000000000     
   184.49999999999946        0.0000000000000000        0.0000000000000000        0.0000000000000000     
   185.59999999999945        0.0000000000000000        0.0000000000000000        0.0000000000000000     
   186.69999999999945        0.0000000000000000        0.0000000000000000        0.0000000000000000     
   187.79999999999944        0.0000000000000000        0.0000000000000000        0.0000000000000000     
   188.89999999999944        0.0000000000000000        0.0000000000000000        0.0000000000000000     
