   0.0000000000000000        4.2447281475502265        4.2232357150318141        4.2447281475502274     
  0.10000000000000001        152.50125308849351        151.72908988344363        152.50125308849351     
  0.20000000000000001        353.54087615590618        351.75054665708814        353.54063974809242     
  0.30000000000000004        656.82876698739949        397.83968087476137        403.27934506333912     
  0.40000000000000002        1331.1507039578173        566.37390979749841        581.96049156815468     
  0.50000000000000000        436.78183444408194        305.25110853927458        308.39146148357372     
  0.59999999999999998        879.98212311315342        379.21001949197142        389.38688125979536     
  0.69999999999999996        927.51488783215382        436.95103752842562        446.78400287945487     
  0.79999999999999993        1234.2701636925763        533.25673927222397        547.49507709540751     
  0.89999999999999991        2077.0379099791708        834.50690599384848        860.21997608599622     
  0.99999999999999989        29.526183779213365        21.742257073360733        21.943831891539453     
   1.0999999999999999        524.32732098090924        367.89158066762246        371.64657422266816     
   1.2000000000000000        144.27103644520318        129.91306071855217        130.71972728859009     
   1.3000000000000000        318.18510239193193        266.15907144038306        268.07330218466439     
   1.4000000000000001        325.58883586117423        257.34363055321336        259.41575313493524     
   1.5000000000000002        375.65048431087212        293.14632166871218        295.56750944384157     
   1.6000000000000003        90.624911373238348        89.233063200922516        89.696699477310418     
   1.7000000000000004        522.76073577748673        367.61333212270881        371.34883026735514     
   1.8000000000000005        142.90860848041379        142.18501593990254        142.90860848041379     
   1.9000000000000006        2.5766438376471062E-011   2.5635974559049504E-011   2.5766438376471062E-011
   2.0000000000000004        696.30265950523972        505.54446701711606        510.36511983291439     
   2.1000000000000005        409.08849207799307        285.85951926194309        288.80114798844454     
   2.2000000000000006        310.54458795000761        262.50668979064108        264.35559915020235     
   2.3000000000000007        314.56637538239409        268.34588792599834        270.20183338381793     
   2.4000000000000008        13.546652568698107        13.478061482046030        13.546652568698105     
   2.5000000000000009        272.39113578930005        271.01193130291995        272.39113578930005     
   2.6000000000000010        553.04896684951962        381.10498742189941        385.13703834328794     
   2.7000000000000011        408.44214868989064        406.37407388904410        408.44214868989064     
   2.8000000000000012        0.0000000000000000        0.0000000000000000        0.0000000000000000     
   2.9000000000000012        0.0000000000000000        0.0000000000000000        0.0000000000000000     
   3.0000000000000013        270.70004247194908        269.32940053839735        270.70004247194908     
   3.1000000000000014        361.57336904697911        294.49349107029599        296.72710506590147     
   3.2000000000000015        0.0000000000000000        0.0000000000000000        0.0000000000000000     
   3.3000000000000016        0.0000000000000000        0.0000000000000000        0.0000000000000000     
   3.4000000000000017        0.0000000000000000        0.0000000000000000        0.0000000000000000     
   3.5000000000000018        5.2010375702048552        5.1747030335472211        5.2010375702048561     
   3.6000000000000019        74.843359895626207        54.012244801466387        54.533509740891049     
   3.7000000000000020        230.48609314871865        229.31906745679294        230.48609314871865     
   3.8000000000000020        0.0000000000000000        0.0000000000000000        0.0000000000000000     
   3.9000000000000021        0.0000000000000000        0.0000000000000000        0.0000000000000000     
   4.0000000000000018        223.82601227562628        222.69270872885485        223.82601227562631     
   4.1000000000000014        0.0000000000000000        0.0000000000000000        0.0000000000000000     
   4.2000000000000011        0.0000000000000000        0.0000000000000000        0.0000000000000000     
   4.3000000000000007        0.0000000000000000        0.0000000000000000        0.0000000000000000     
   4.4000000000000004        0.0000000000000000        0.0000000000000000        0.0000000000000000     
   4.5000000000000000        0.0000000000000000        0.0000000000000000        0.0000000000000000     
   4.5999999999999996        55.972997202593497        55.689587800763064        55.972997202593497     
   4.6999999999999993        0.0000000000000000        0.0000000000000000        0.0000000000000000     
   4.7999999999999989        0.0000000000000000        0.0000000000000000        0.0000000000000000     
   4.8999999999999986        0.0000000000000000        0.0000000000000000        0.0000000000000000     
   4.9999999999999982        0.0000000000000000        0.0000000000000000        0.0000000000000000     
   5.0999999999999979        0.0000000000000000        0.0000000000000000        0.0000000000000000     
   5.1999999999999975        0.0000000000000000        0.0000000000000000        0.0000000000000000     
   5.2999999999999972        0.0000000000000000        0.0000000000000000        0.0000000000000000     
   5.3999999999999968        0.0000000000000000        0.0000000000000000        0.0000000000000000     
   5.4999999999999964        0.0000000000000000        0.0000000000000000        0.0000000000000000     
   5.5999999999999961        0.0000000000000000        0.0000000000000000        0.0000000000000000     
   5.6999999999999957        0.0000000000000000        0.0000000000000000        0.0000000000000000     
   5.7999999999999954        0.0000000000000000        0.0000000000000000        0.0000000000000000     
   5.8999999999999950        0.0000000000000000        0.0000000000000000        0.0000000000000000     
   5.9999999999999947        0.0000000000000000        0.0000000000000000        0.0000000000000000     
   6.0999999999999943        0.0000000000000000        0.0000000000000000        0.0000000000000000     
   6.1999999999999940        0.0000000000000000        0.0000000000000000        0.0000000000000000     
   6.2999999999999936        0.0000000000000000        0.0000000000000000        0.0000000000000000     
   6.3999999999999932        0.0000000000000000        0.0000000000000000        0.0000000000000000     
   6.4999999999999929        0.0000000000000000        0.0000000000000000        0.0000000000000000     
   6.5999999999999925        0.0000000000000000        0.0000000000000000        0.0000000000000000     
   6.6999999999999922        0.0000000000000000        0.0000000000000000        0.0000000000000000     
   6.7999999999999918        0.0000000000000000        0.0000000000000000        0.0000000000000000     
   6.8999999999999915        0.0000000000000000        0.0000000000000000        0.0000000000000000     
   6.9999999999999911        0.0000000000000000        0.0000000000000000        0.0000000000000000     
   7.0999999999999908        0.0000000000000000        0.0000000000000000        0.0000000000000000     
   7.1999999999999904        0.0000000000000000        0.0000000000000000        0.0000000000000000     
   7.2999999999999901        0.0000000000000000        0.0000000000000000        0.0000000000000000     
   7.3999999999999897        0.0000000000000000        0.0000000000000000        0.0000000000000000     
   7.4999999999999893        0.0000000000000000        0.0000000000000000        0.0000000000000000     
   7.5999999999999890        0.0000000000000000        0.0000000000000000        0.0000000000000000     
   7.6999999999999886        0.0000000000000000        0.0000000000000000        0.0000000000000000     
   7.7999999999999883        0.0000000000000000        0.0000000000000000        0.0000000000000000     
   7.8999999999999879        0.0000000000000000        0.0000000000000000        0.0000000000000000     
   7.9999999999999876        0.0000000000000000        0.0000000000000000        0.0000000000000000     
   8.0999999999999872        0.0000000000000000        0.0000000000000000        0.0000000000000000     
   8.1999999999999869        0.0000000000000000        0.0000000000000000        0.0000000000000000     
   8.2999999999999865        0.0000000000000000        0.0000000000000000        0.0000000000000000     
   8.3999999999999861        0.0000000000000000        0.0000000000000000        0.0000000000000000     
   8.4999999999999858        0.0000000000000000        0.0000000000000000        0.0000000000000000     
   8.5999999999999854        0.0000000000000000        0.0000000000000000        0.0000000000000000     
   8.6999999999999851        0.0000000000000000        0.0000000000000000        0.0000000000000000     
   8.7999999999999847        0.0000000000000000        0.0000000000000000        0.0000000000000000     
   8.8999999999999844        0.0000000000000000        0.0000000000000000        0.0000000000000000     
   8.9999999999999840        0.0000000000000000        0.0000000000000000        0.0000000000000000     
   9.0999999999999837        0.0000000000000000        0.0000000000000000        0.0000000000000000     
   9.1999999999999833        0.0000000000000000        0.0000000000000000        0.0000000000000000     
   9.2999999999999829        0.0000000000000000        0.0000000000000000        0.0000000000000000     
   9.3999999999999826        0.0000000000000000        0.0000000000000000        0.0000000000000000     
   9.4999999999999822        0.0000000000000000        0.0000000000000000        0.0000000000000000     
   9.5999999999999819        0.0000000000000000        0.0000000000000000        0.0000000000000000     
   9.6999999999999815        0.0000000000000000        0.0000000000000000        0.0000000000000000     
   9.7999999999999812        0.0000000000000000        0.0000000000000000        0.0000000000000000     
   9.8999999999999808        0.0000000000000000        0.0000000000000000        0.0000000000000000     
