 -0.14590071867638957        0.0000000000000000        0.0000000000000000        0.0000000000000000     
 -0.14444171148962567        0.0000000000000000        0.0000000000000000        0.0000000000000000     
 -0.14298270430286178        0.0000000000000000        0.0000000000000000        0.0000000000000000     
 -0.14152369711609789        0.0000000000000000        0.0000000000000000        0.0000000000000000     
 -0.14006468992933399        0.0000000000000000        0.0000000000000000        0.0000000000000000     
 -0.13860568274257010        0.0000000000000000        0.0000000000000000        0.0000000000000000     
 -0.13714667555580620        0.0000000000000000        0.0000000000000000        0.0000000000000000     
 -0.13568766836904231        0.0000000000000000        0.0000000000000000        0.0000000000000000     
 -0.13422866118227841        0.0000000000000000        0.0000000000000000        0.0000000000000000     
 -0.13276965399551452        0.0000000000000000        0.0000000000000000        0.0000000000000000     
 -0.13131064680875063        0.0000000000000000        0.0000000000000000        0.0000000000000000     
 -0.12985163962198673        0.0000000000000000        0.0000000000000000        0.0000000000000000     
 -0.12839263243522284        0.0000000000000000        0.0000000000000000        0.0000000000000000     
 -0.12693362524845894        0.0000000000000000        0.0000000000000000        0.0000000000000000     
 -0.12547461806169505        0.0000000000000000        0.0000000000000000        0.0000000000000000     
 -0.12401561087493115        0.0000000000000000        0.0000000000000000        0.0000000000000000     
 -0.12255660368816726        0.0000000000000000        0.0000000000000000        0.0000000000000000     
 -0.12109759650140337        0.0000000000000000        0.0000000000000000        0.0000000000000000     
 -0.11963858931463947        0.0000000000000000        0.0000000000000000        0.0000000000000000     
 -0.11817958212787558        0.0000000000000000        0.0000000000000000        0.0000000000000000     
 -0.11672057494111168        0.0000000000000000        0.0000000000000000        0.0000000000000000     
 -0.11526156775434779        0.0000000000000000        0.0000000000000000        0.0000000000000000     
 -0.11380256056758389        0.0000000000000000        0.0000000000000000        0.0000000000000000     
 -0.11234355338082000        0.0000000000000000        0.0000000000000000        0.0000000000000000     
 -0.11088454619405611        0.0000000000000000        0.0000000000000000        0.0000000000000000     
 -0.10942553900729221        0.0000000000000000        0.0000000000000000        0.0000000000000000     
 -0.10796653182052832        0.0000000000000000        0.0000000000000000        0.0000000000000000     
 -0.10650752463376442        0.0000000000000000        0.0000000000000000        0.0000000000000000     
 -0.10504851744700053        0.0000000000000000        0.0000000000000000        0.0000000000000000     
 -0.10358951026023663        1.7660254596566783E-009   1.7570835011382334E-009   1.7660254596566783E-009
 -0.10213050307347274        0.0000000000000000        0.0000000000000000        0.0000000000000000     
 -0.10067149588670884        0.0000000000000000        0.0000000000000000        0.0000000000000000     
  -9.9212488699944951E-002   0.0000000000000000        0.0000000000000000        0.0000000000000000     
  -9.7753481513181056E-002   0.0000000000000000        0.0000000000000000        0.0000000000000000     
  -9.6294474326417162E-002   0.0000000000000000        0.0000000000000000        0.0000000000000000     
  -9.4835467139653268E-002   0.0000000000000000        0.0000000000000000        0.0000000000000000     
  -9.3376459952889374E-002   0.0000000000000000        0.0000000000000000        0.0000000000000000     
  -9.1917452766125479E-002   0.0000000000000000        0.0000000000000000        0.0000000000000000     
  -9.0458445579361585E-002   0.0000000000000000        0.0000000000000000        0.0000000000000000     
  -8.8999438392597691E-002   0.0000000000000000        0.0000000000000000        0.0000000000000000     
  -8.7540431205833796E-002   0.0000000000000000        0.0000000000000000        0.0000000000000000     
  -8.6081424019069902E-002   0.0000000000000000        0.0000000000000000        0.0000000000000000     
  -8.4622416832306008E-002   0.0000000000000000        0.0000000000000000        0.0000000000000000     
  -8.3163409645542113E-002   0.0000000000000000        0.0000000000000000        0.0000000000000000     
  -8.1704402458778219E-002   0.0000000000000000        0.0000000000000000        0.0000000000000000     
  -8.0245395272014325E-002   0.0000000000000000        0.0000000000000000        0.0000000000000000     
  -7.8786388085250431E-002   0.0000000000000000        0.0000000000000000        0.0000000000000000     
  -7.7327380898486536E-002   0.0000000000000000        0.0000000000000000        0.0000000000000000     
  -7.5868373711722642E-002   0.0000000000000000        0.0000000000000000        0.0000000000000000     
  -7.4409366524958748E-002   3.4813238522562990        3.4636967827789422        3.4813238522562990     
  -7.2950359338194853E-002   0.0000000000000000        0.0000000000000000        0.0000000000000000     
  -7.1491352151430959E-002   0.0000000000000000        0.0000000000000000        0.0000000000000000     
  -7.0032344964667065E-002   0.0000000000000000        0.0000000000000000        0.0000000000000000     
  -6.8573337777903171E-002   0.0000000000000000        0.0000000000000000        0.0000000000000000     
  -6.7114330591139276E-002   0.0000000000000000        0.0000000000000000        0.0000000000000000     
  -6.5655323404375382E-002   1.6203339839583497E-002   1.6121297085378818E-002   1.6203339839583497E-002
  -6.4196316217611488E-002   0.0000000000000000        0.0000000000000000        0.0000000000000000     
  -6.2737309030847593E-002   0.0000000000000000        0.0000000000000000        0.0000000000000000     
  -6.1278301844083699E-002   0.0000000000000000        0.0000000000000000        0.0000000000000000     
  -5.9819294657319805E-002   0.0000000000000000        0.0000000000000000        0.0000000000000000     
  -5.8360287470555910E-002   0.0000000000000000        0.0000000000000000        0.0000000000000000     
  -5.6901280283792016E-002   0.0000000000000000        0.0000000000000000        0.0000000000000000     
  -5.5442273097028122E-002   0.0000000000000000        0.0000000000000000        0.0000000000000000     
  -5.3983265910264228E-002   0.0000000000000000        0.0000000000000000        0.0000000000000000     
  -5.2524258723500333E-002   0.0000000000000000        0.0000000000000000        0.0000000000000000     
  -5.1065251536736439E-002   0.0000000000000000        0.0000000000000000        0.0000000000000000     
  -4.9606244349972545E-002   0.0000000000000000        0.0000000000000000        0.0000000000000000     
  -4.8147237163208650E-002   0.0000000000000000        0.0000000000000000        0.0000000000000000     
  -4.6688229976444756E-002   0.0000000000000000        0.0000000000000000        0.0000000000000000     
  -4.5229222789680862E-002   0.0000000000000000        0.0000000000000000        0.0000000000000000     
  -4.3770215602916968E-002   0.0000000000000000        0.0000000000000000        0.0000000000000000     
  -4.2311208416153073E-002   0.0000000000000000        0.0000000000000000        0.0000000000000000     
  -4.0852201229389179E-002   0.0000000000000000        0.0000000000000000        0.0000000000000000     
  -3.9393194042625285E-002   0.0000000000000000        0.0000000000000000        0.0000000000000000     
  -3.7934186855861390E-002   0.0000000000000000        0.0000000000000000        0.0000000000000000     
  -3.6475179669097496E-002   0.0000000000000000        0.0000000000000000        0.0000000000000000     
  -3.5016172482333602E-002   61.104481522563070        60.795089754693500        61.104481522563070     
  -3.3557165295569708E-002   0.0000000000000000        0.0000000000000000        0.0000000000000000     
  -3.2098158108805813E-002   0.0000000000000000        0.0000000000000000        0.0000000000000000     
  -3.0639150922041919E-002   0.0000000000000000        0.0000000000000000        0.0000000000000000     
  -2.9180143735278025E-002  0.73875127599884949       0.73501073917402104       0.73875127599884927     
  -2.7721136548514130E-002   0.0000000000000000        0.0000000000000000        0.0000000000000000     
  -2.6262129361750236E-002   0.0000000000000000        0.0000000000000000        0.0000000000000000     
  -2.4803122174986342E-002   0.0000000000000000        0.0000000000000000        0.0000000000000000     
  -2.3344114988222447E-002   0.0000000000000000        0.0000000000000000        0.0000000000000000     
  -2.1885107801458553E-002   0.0000000000000000        0.0000000000000000        0.0000000000000000     
  -2.0426100614694659E-002   0.0000000000000000        0.0000000000000000        0.0000000000000000     
  -1.8967093427930765E-002   6.1115936658338397        6.0806486889408689        6.1115936658338397     
  -1.7508086241166870E-002   20.317291550557716        20.214418527261913        20.317291550557716     
  -1.6049079054402976E-002   15340.980792019018        15263.304440795202        15340.980792019020     
  -1.4590071867639080E-002   0.0000000000000000        0.0000000000000000        0.0000000000000000     
  -1.3131064680875184E-002   0.0000000000000000        0.0000000000000000        0.0000000000000000     
  -1.1672057494111288E-002   0.0000000000000000        0.0000000000000000        0.0000000000000000     
  -1.0213050307347392E-002   0.0000000000000000        0.0000000000000000        0.0000000000000000     
  -8.7540431205834959E-003   0.0000000000000000        0.0000000000000000        0.0000000000000000     
  -7.2950359338195998E-003   0.0000000000000000        0.0000000000000000        0.0000000000000000     
  -5.8360287470557038E-003   8586.5607119637098        8543.0841758341485        8586.5607119637098     
  -4.3770215602918078E-003   48978.325245457869        27784.706738728262        28217.388304686050     
  -2.9180143735279118E-003   61651.699119204539        36165.355386601543        36692.317762819555     
  -1.4590071867640159E-003   874820.01671675337        88407.446003066565        124684.72709959019     
