 -0.14590071867638957        0.0000000000000000        0.0000000000000000        0.0000000000000000     
 -0.14444375026293960        0.0000000000000000        0.0000000000000000        0.0000000000000000     
 -0.14298678184948962        0.0000000000000000        0.0000000000000000        0.0000000000000000     
 -0.14152981343603965        0.0000000000000000        0.0000000000000000        0.0000000000000000     
 -0.14007284502258968        0.0000000000000000        0.0000000000000000        0.0000000000000000     
 -0.13861587660913971        0.0000000000000000        0.0000000000000000        0.0000000000000000     
 -0.13715890819568974        0.0000000000000000        0.0000000000000000        0.0000000000000000     
 -0.13570193978223977        0.0000000000000000        0.0000000000000000        0.0000000000000000     
 -0.13424497136878979        0.0000000000000000        0.0000000000000000        0.0000000000000000     
 -0.13278800295533982        0.0000000000000000        0.0000000000000000        0.0000000000000000     
 -0.13133103454188985        0.0000000000000000        0.0000000000000000        0.0000000000000000     
 -0.12987406612843988        0.0000000000000000        0.0000000000000000        0.0000000000000000     
 -0.12841709771498991        0.0000000000000000        0.0000000000000000        0.0000000000000000     
 -0.12696012930153994        0.0000000000000000        0.0000000000000000        0.0000000000000000     
 -0.12550316088808997        0.0000000000000000        0.0000000000000000        0.0000000000000000     
 -0.12404619247463998        0.0000000000000000        0.0000000000000000        0.0000000000000000     
 -0.12258922406118999        0.0000000000000000        0.0000000000000000        0.0000000000000000     
 -0.12113225564774001        0.0000000000000000        0.0000000000000000        0.0000000000000000     
 -0.11967528723429002        0.0000000000000000        0.0000000000000000        0.0000000000000000     
 -0.11821831882084004        0.0000000000000000        0.0000000000000000        0.0000000000000000     
 -0.11676135040739005        0.0000000000000000        0.0000000000000000        0.0000000000000000     
 -0.11530438199394007        0.0000000000000000        0.0000000000000000        0.0000000000000000     
 -0.11384741358049008        0.0000000000000000        0.0000000000000000        0.0000000000000000     
 -0.11239044516704010        0.0000000000000000        0.0000000000000000        0.0000000000000000     
 -0.11093347675359011        0.0000000000000000        0.0000000000000000        0.0000000000000000     
 -0.10947650834014012        0.0000000000000000        0.0000000000000000        0.0000000000000000     
 -0.10801953992669014        0.0000000000000000        0.0000000000000000        0.0000000000000000     
 -0.10656257151324015        0.0000000000000000        0.0000000000000000        0.0000000000000000     
 -0.10510560309979017        0.0000000000000000        0.0000000000000000        0.0000000000000000     
 -0.10364863468634018        0.0000000000000000        0.0000000000000000        0.0000000000000000     
 -0.10219166627289020        0.0000000000000000        0.0000000000000000        0.0000000000000000     
 -0.10073469785944021        0.0000000000000000        0.0000000000000000        0.0000000000000000     
  -9.9277729445990226E-002   0.0000000000000000        0.0000000000000000        0.0000000000000000     
  -9.7820761032540240E-002   0.0000000000000000        0.0000000000000000        0.0000000000000000     
  -9.6363792619090255E-002   0.0000000000000000        0.0000000000000000        0.0000000000000000     
  -9.4906824205640269E-002   0.0000000000000000        0.0000000000000000        0.0000000000000000     
  -9.3449855792190284E-002   0.0000000000000000        0.0000000000000000        0.0000000000000000     
  -9.1992887378740298E-002   0.0000000000000000        0.0000000000000000        0.0000000000000000     
  -9.0535918965290313E-002   0.0000000000000000        0.0000000000000000        0.0000000000000000     
  -8.9078950551840327E-002   0.0000000000000000        0.0000000000000000        0.0000000000000000     
  -8.7621982138390342E-002   0.0000000000000000        0.0000000000000000        0.0000000000000000     
  -8.6165013724940356E-002   0.0000000000000000        0.0000000000000000        0.0000000000000000     
  -8.4708045311490371E-002   0.0000000000000000        0.0000000000000000        0.0000000000000000     
  -8.3251076898040385E-002   0.0000000000000000        0.0000000000000000        0.0000000000000000     
  -8.1794108484590400E-002   0.0000000000000000        0.0000000000000000        0.0000000000000000     
  -8.0337140071140414E-002   0.0000000000000000        0.0000000000000000        0.0000000000000000     
  -7.8880171657690429E-002   0.0000000000000000        0.0000000000000000        0.0000000000000000     
  -7.7423203244240443E-002   0.0000000000000000        0.0000000000000000        0.0000000000000000     
  -7.5966234830790458E-002   0.0000000000000000        0.0000000000000000        0.0000000000000000     
  -7.4509266417340472E-002   0.0000000000000000        0.0000000000000000        0.0000000000000000     
  -7.3052298003890487E-002   0.0000000000000000        0.0000000000000000        0.0000000000000000     
  -7.1595329590440501E-002   0.0000000000000000        0.0000000000000000        0.0000000000000000     
  -7.0138361176990516E-002   0.0000000000000000        0.0000000000000000        0.0000000000000000     
  -6.8681392763540530E-002   0.0000000000000000        0.0000000000000000        0.0000000000000000     
  -6.7224424350090545E-002   0.0000000000000000        0.0000000000000000        0.0000000000000000     
  -6.5767455936640559E-002   0.0000000000000000        0.0000000000000000        0.0000000000000000     
  -6.4310487523190574E-002   0.0000000000000000        0.0000000000000000        0.0000000000000000     
  -6.2853519109740588E-002   0.0000000000000000        0.0000000000000000        0.0000000000000000     
  -6.1396550696290603E-002   0.0000000000000000        0.0000000000000000        0.0000000000000000     
  -5.9939582282840617E-002   0.0000000000000000        0.0000000000000000        0.0000000000000000     
  -5.8482613869390632E-002   0.0000000000000000        0.0000000000000000        0.0000000000000000     
  -5.7025645455940646E-002   0.0000000000000000        0.0000000000000000        0.0000000000000000     
  -5.5568677042490661E-002   0.0000000000000000        0.0000000000000000        0.0000000000000000     
  -5.4111708629040675E-002   0.0000000000000000        0.0000000000000000        0.0000000000000000     
  -5.2654740215590690E-002   0.0000000000000000        0.0000000000000000        0.0000000000000000     
  -5.1197771802140704E-002   0.0000000000000000        0.0000000000000000        0.0000000000000000     
  -4.9740803388690719E-002   0.0000000000000000        0.0000000000000000        0.0000000000000000     
  -4.8283834975240733E-002   0.0000000000000000        0.0000000000000000        0.0000000000000000     
  -4.6826866561790748E-002   0.0000000000000000        0.0000000000000000        0.0000000000000000     
  -4.5369898148340762E-002   0.0000000000000000        0.0000000000000000        0.0000000000000000     
  -4.3912929734890777E-002   0.0000000000000000        0.0000000000000000        0.0000000000000000     
  -4.2455961321440791E-002   0.0000000000000000        0.0000000000000000        0.0000000000000000     
  -4.0998992907990806E-002   0.0000000000000000        0.0000000000000000        0.0000000000000000     
  -3.9542024494540820E-002   0.0000000000000000        0.0000000000000000        0.0000000000000000     
  -3.8085056081090835E-002   0.0000000000000000        0.0000000000000000        0.0000000000000000     
  -3.6628087667640849E-002   0.0000000000000000        0.0000000000000000        0.0000000000000000     
  -3.5171119254190863E-002   0.0000000000000000        0.0000000000000000        0.0000000000000000     
  -3.3714150840740878E-002   0.0000000000000000        0.0000000000000000        0.0000000000000000     
  -3.2257182427290892E-002   0.0000000000000000        0.0000000000000000        0.0000000000000000     
  -3.0800214013840907E-002   0.0000000000000000        0.0000000000000000        0.0000000000000000     
  -2.9343245600390921E-002   0.0000000000000000        0.0000000000000000        0.0000000000000000     
  -2.7886277186940936E-002   0.0000000000000000        0.0000000000000000        0.0000000000000000     
  -2.6429308773490950E-002   0.0000000000000000        0.0000000000000000        0.0000000000000000     
  -2.4972340360040965E-002   0.0000000000000000        0.0000000000000000        0.0000000000000000     
  -2.3515371946590979E-002   0.0000000000000000        0.0000000000000000        0.0000000000000000     
  -2.2058403533140994E-002   0.0000000000000000        0.0000000000000000        0.0000000000000000     
  -2.0601435119691008E-002   0.0000000000000000        0.0000000000000000        0.0000000000000000     
  -1.9144466706241023E-002   0.0000000000000000        0.0000000000000000        0.0000000000000000     
  -1.7687498292791037E-002   0.0000000000000000        0.0000000000000000        0.0000000000000000     
  -1.6230529879341052E-002   0.0000000000000000        0.0000000000000000        0.0000000000000000     
  -1.4773561465891068E-002   0.0000000000000000        0.0000000000000000        0.0000000000000000     
  -1.3316593052441084E-002   0.0000000000000000        0.0000000000000000        0.0000000000000000     
  -1.1859624638991101E-002   0.0000000000000000        0.0000000000000000        0.0000000000000000     
  -1.0402656225541117E-002   0.0000000000000000        0.0000000000000000        0.0000000000000000     
  -8.9456878120911330E-003   0.0000000000000000        0.0000000000000000        0.0000000000000000     
  -7.4887193986411492E-003   0.0000000000000000        0.0000000000000000        0.0000000000000000     
  -6.0317509851911654E-003   0.0000000000000000        0.0000000000000000        0.0000000000000000     
  -4.5747825717411816E-003   0.0000000000000000        0.0000000000000000        0.0000000000000000     
  -3.1178141582911974E-003   0.0000000000000000        0.0000000000000000        0.0000000000000000     
  -1.6608457448412132E-003   0.0000000000000000        0.0000000000000000        0.0000000000000000     
