   0.0000000000000000        0.0000000000000000        0.0000000000000000        0.0000000000000000     
   15.707963267948966        0.0000000000000000        0.0000000000000000        0.0000000000000000     
   31.415926535897931        0.0000000000000000        0.0000000000000000        0.0000000000000000     
   47.123889803846893        0.0000000000000000        0.0000000000000000        0.0000000000000000     
   62.831853071795862        0.0000000000000000        0.0000000000000000        0.0000000000000000     
   78.539816339744831        0.0000000000000000        0.0000000000000000        0.0000000000000000     
   94.247779607693801        0.0000000000000000        0.0000000000000000        0.0000000000000000     
   109.95574287564277        0.0000000000000000        0.0000000000000000        0.0000000000000000     
   125.66370614359174        0.0000000000000000        0.0000000000000000        0.0000000000000000     
   141.37166941154069        0.0000000000000000        0.0000000000000000        0.0000000000000000     
   157.07963267948966        0.0000000000000000        0.0000000000000000        0.0000000000000000     
   172.78759594743863        0.0000000000000000        0.0000000000000000        0.0000000000000000     
   188.49555921538760        0.0000000000000000        0.0000000000000000        0.0000000000000000     
   204.20352248333657        0.0000000000000000        0.0000000000000000        0.0000000000000000     
   219.91148575128554        0.0000000000000000        0.0000000000000000        0.0000000000000000     
   235.61944901923451        0.0000000000000000        0.0000000000000000        0.0000000000000000     
   251.32741228718348        0.0000000000000000        0.0000000000000000        0.0000000000000000     
   267.03537555513242        0.0000000000000000        0.0000000000000000        0.0000000000000000     
   282.74333882308139        0.0000000000000000        0.0000000000000000        0.0000000000000000     
   298.45130209103036        0.0000000000000000        0.0000000000000000        0.0000000000000000     
   314.15926535897933        0.0000000000000000        0.0000000000000000        0.0000000000000000     
   329.86722862692829        0.0000000000000000        0.0000000000000000        0.0000000000000000     
   345.57519189487726        0.0000000000000000        0.0000000000000000        0.0000000000000000     
   361.28315516282623        0.0000000000000000        0.0000000000000000        0.0000000000000000     
   376.99111843077520        0.0000000000000000        0.0000000000000000        0.0000000000000000     
   392.69908169872417        0.0000000000000000        0.0000000000000000        0.0000000000000000     
   408.40704496667314        0.0000000000000000        0.0000000000000000        0.0000000000000000     
   424.11500823462211        0.0000000000000000        0.0000000000000000        0.0000000000000000     
   439.82297150257108        0.0000000000000000        0.0000000000000000        0.0000000000000000     
   455.53093477052005        0.0000000000000000        0.0000000000000000        0.0000000000000000     
   471.23889803846902        0.0000000000000000        0.0000000000000000        0.0000000000000000     
   486.94686130641799        0.0000000000000000        0.0000000000000000        0.0000000000000000     
   502.65482457436696        0.0000000000000000        0.0000000000000000        0.0000000000000000     
   518.36278784231592        0.0000000000000000        0.0000000000000000        0.0000000000000000     
   534.07075111026484        0.0000000000000000        0.0000000000000000        0.0000000000000000     
   549.77871437821375        0.0000000000000000        0.0000000000000000        0.0000000000000000     
   565.48667764616266        0.0000000000000000        0.0000000000000000        0.0000000000000000     
   581.19464091411157        0.0000000000000000        0.0000000000000000        0.0000000000000000     
   596.90260418206049        0.0000000000000000        0.0000000000000000        0.0000000000000000     
   612.61056745000940        0.0000000000000000        0.0000000000000000        0.0000000000000000     
   628.31853071795831        0.0000000000000000        0.0000000000000000        0.0000000000000000     
   644.02649398590722        0.0000000000000000        0.0000000000000000        0.0000000000000000     
   659.73445725385614        0.0000000000000000        0.0000000000000000        0.0000000000000000     
   675.44242052180505        0.0000000000000000        0.0000000000000000        0.0000000000000000     
   691.15038378975396        0.0000000000000000        0.0000000000000000        0.0000000000000000     
   706.85834705770287        0.0000000000000000        0.0000000000000000        0.0000000000000000     
   722.56631032565178        0.0000000000000000        0.0000000000000000        0.0000000000000000     
   738.27427359360070        0.0000000000000000        0.0000000000000000        0.0000000000000000     
   753.98223686154961        0.0000000000000000        0.0000000000000000        0.0000000000000000     
   769.69020012949852        0.0000000000000000        0.0000000000000000        0.0000000000000000     
   785.39816339744743        0.0000000000000000        0.0000000000000000        0.0000000000000000     
   801.10612666539635        0.0000000000000000        0.0000000000000000        0.0000000000000000     
   816.81408993334526        0.0000000000000000        0.0000000000000000        0.0000000000000000     
   832.52205320129417        0.0000000000000000        0.0000000000000000        0.0000000000000000     
   848.23001646924308        0.0000000000000000        0.0000000000000000        0.0000000000000000     
   863.93797973719199        0.0000000000000000        0.0000000000000000        0.0000000000000000     
   879.64594300514091        0.0000000000000000        0.0000000000000000        0.0000000000000000     
   895.35390627308982        0.0000000000000000        0.0000000000000000        0.0000000000000000     
   911.06186954103873        0.0000000000000000        0.0000000000000000        0.0000000000000000     
   926.76983280898764        0.0000000000000000        0.0000000000000000        0.0000000000000000     
   942.47779607693656        0.0000000000000000        0.0000000000000000        0.0000000000000000     
   958.18575934488547        0.0000000000000000        0.0000000000000000        0.0000000000000000     
   973.89372261283438        0.0000000000000000        0.0000000000000000        0.0000000000000000     
   989.60168588078329        0.0000000000000000        0.0000000000000000        0.0000000000000000     
   1005.3096491487322        0.0000000000000000        0.0000000000000000        0.0000000000000000     
   1021.0176124166811        0.0000000000000000        0.0000000000000000        0.0000000000000000     
   1036.7255756846300        0.0000000000000000        0.0000000000000000        0.0000000000000000     
   1052.4335389525791        0.0000000000000000        0.0000000000000000        0.0000000000000000     
   1068.1415022205281        0.0000000000000000        0.0000000000000000        0.0000000000000000     
   1083.8494654884771        0.0000000000000000        0.0000000000000000        0.0000000000000000     
   1099.5574287564261        0.0000000000000000        0.0000000000000000        0.0000000000000000     
   1115.2653920243752        0.0000000000000000        0.0000000000000000        0.0000000000000000     
   1130.9733552923242        0.0000000000000000        0.0000000000000000        0.0000000000000000     
   1146.6813185602732        0.0000000000000000        0.0000000000000000        0.0000000000000000     
   1162.3892818282222        0.0000000000000000        0.0000000000000000        0.0000000000000000     
   1178.0972450961713        0.0000000000000000        0.0000000000000000        0.0000000000000000     
   1193.8052083641203        0.0000000000000000        0.0000000000000000        0.0000000000000000     
   1209.5131716320693        0.0000000000000000        0.0000000000000000        0.0000000000000000     
   1225.2211349000183        0.0000000000000000        0.0000000000000000        0.0000000000000000     
   1240.9290981679674        0.0000000000000000        0.0000000000000000        0.0000000000000000     
   1256.6370614359164        0.0000000000000000        0.0000000000000000        0.0000000000000000     
   1272.3450247038654        0.0000000000000000        0.0000000000000000        0.0000000000000000     
   1288.0529879718144        0.0000000000000000        0.0000000000000000        0.0000000000000000     
   1303.7609512397635        0.0000000000000000        0.0000000000000000        0.0000000000000000     
   1319.4689145077125        0.0000000000000000        0.0000000000000000        0.0000000000000000     
   1335.1768777756615        0.0000000000000000        0.0000000000000000        0.0000000000000000     
   1350.8848410436105        0.0000000000000000        0.0000000000000000        0.0000000000000000     
   1366.5928043115596        0.0000000000000000        0.0000000000000000        0.0000000000000000     
   1382.3007675795086        0.0000000000000000        0.0000000000000000        0.0000000000000000     
   1398.0087308474576        0.0000000000000000        0.0000000000000000        0.0000000000000000     
   1413.7166941154067        0.0000000000000000        0.0000000000000000        0.0000000000000000     
   1429.4246573833557        0.0000000000000000        0.0000000000000000        0.0000000000000000     
   1445.1326206513047        0.0000000000000000        0.0000000000000000        0.0000000000000000     
   1460.8405839192537        0.0000000000000000        0.0000000000000000        0.0000000000000000     
   1476.5485471872028        0.0000000000000000        0.0000000000000000        0.0000000000000000     
   1492.2565104551518        0.0000000000000000        0.0000000000000000        0.0000000000000000     
   1507.9644737231008        0.0000000000000000        0.0000000000000000        0.0000000000000000     
   1523.6724369910498        0.0000000000000000        0.0000000000000000        0.0000000000000000     
   1539.3804002589989        0.0000000000000000        0.0000000000000000        0.0000000000000000     
   1555.0883635269479        0.0000000000000000        0.0000000000000000        0.0000000000000000     
